1003215282 1
1005952640 2
1006928515 3
1007260806 4
1007308577 5
1007402796 6
1007640554 7
1007644534 8
1007666180 9
1007735501 10
1007740337 11
1008024276 12
1008059095 13
1008085163 14
1008093358 15
1008102479 16
1008369339 17
1008369816 18
1008378448 19
1008378609 20
1008391068 21
1008425971 22
1008680614 23
1008693462 24
1008693605 25
1008966615 26
1008970563 27
1009095570 28
1009126181 29
1009371535 30
1009375497 31
1009471146 32
1009578838 33
1009782081 34
1009791141 35
1010044978 36
1010235132 37
1010338583 38
1010437434 39
1010713883 40
1011068028 41
1011378821 42
1011482740 43
1011611587 44
1011970102 45
1011996877 46
1012501094 47
1013040388 48
1013066710 49
1013113953 50
1013192311 51
1013231419 52
1013416131 53
1013416147 54
1013425227 55
1013524692 56
1013559132 57
1013636956 58
1013757060 59
1013779115 60
1013800661 61
1013861184 62
1013865949 63
1013891539 64
1013900655 65
1013904076 66
1013908909 67
1013917402 68
1013917689 69
1014102651 70
1014107332 71
1014124309 72
1014206712 73
1014223948 74
1014228051 75
1014254079 76
1014258902 77
1014452870 78
1014457195 79
1014461486 80
1014465452 81
1014465588 82
1014465666 83
1014469498 84
1014473864 85
1014474192 86
1014539429 87
1014569477 88
1014573900 89
1014798169 90
1014802430 91
1014820080 92
1014824204 93
1014896873 94
1014936626 95
1014936705 96
1014940894 97
1015143077 98
1015169543 99
1015458774 100
1015479949 101
1015492865 102
1015570297 103
1015592525 104
1016506999 105
1016611275 106
1016839809 107
1016922035 108
1016939052 109
1017168501 110
1017245226 111
1017547830 112
1017574059 113
1017617049 114
1017647483 115
1017880794 116
1017910233 117
1017988263 118
1018001359 119
1018009357 120
1018235075 121
1018299346 122
1018303586 123
1018334019 124
1018351299 125
1018351553 126
1018656780 127
1018683334 128
1018691961 129
1018692118 130
1019016133 131
1019019561 132
1019214774 133
1019270475 134
1019270934 135
1019322922 136
1019356457 137
1019357327 138
1019556103 139
1019607245 140
1019658582 141
1019680939 142
1020029671 143
1020280792 144
1020608033 145
1020608279 146
1020625448 147
1033192275 148
1033196675 149
1034664458 150
1035393986 151
1036257907 152
1036503560 153
1036637638 154
1036637830 155
1036646944 156
1036987921 157
1037337131 158
1037612992 159
1037979778 160
1038070642 161
1038407667 162
1039063931 163
1039068185 164
1039076835 165
1039080957 166
1039085109 167
1039093891 168
1039111883 169
1039141038 170
1039335355 171
1039370204 172
1039392337 173
1039400328 174
1039400642 175
1039426238 176
1039685005 177
1039754434 178
1039767525 179
1039775880 180
1040056887 181
1040143477 182
1040328771 183
1040488118 184
1041071176 185
1041075688 186
1041139886 187
1041524495 188
1041666949 189
1041865696 190
1042116109 191
1042366365 192
1042547516 193
1042552639 194
1042724993 195
1043066007 196
1043842362 197
1043919973 198
1044262482 199
1044459902 200
1044590094 201
1044796706 202
1044800536 203
1044805646 204
1044914200 205
1044918145 206
1044935195 207
1044943796 208
1045141938 209
1045168444 210
1045240981 211
1045240983 212
1045254699 213
1045262699 214
1045263640 215
1045268099 216
1045289401 217
1045452897 218
1045482779 219
1045492192 220
1045504901 221
1045513736 222
1045525957 223
1045634052 224
1045819957 225
1045850110 226
1045915290 227
1045949747 228
1046264861 229
1046506683 230
1046873413 231
1046903356 232
1047676850 233
1047887562 234
1048172314 235
1048250312 236
1048288847 237
1048289014 238
1048289697 239
1048311229 240
1048609058 241
1048621815 242
1048647522 243
1048975307 244
1049247113 245
1049261193 246
1049291085 247
1049570983 248
1049571474 249
1049674502 250
1049916348 251
1049946735 252
1050016388 253
1050020621 254
1050024735 255
1050249353 256
1050266721 257
1050378689 258
1050382896 259
1050581215 260
1050646637 261
1050922195 262
1050935614 263
1050991297 264
1051280385 265
1051281052 266
1051311534 267
1051315821 268
1051980223 269
1065284812 270
1066516552 271
1068086967 272
1068436695 273
1068449058 274
1068777508 275
1069002537 276
1069489835 277
1069762072 278
1069809216 279
1070102614 280
1070102684 281
1070102904 282
1070103072 283
1070103331 284
1070111661 285
1070141508 286
1070171769 287
1070422316 288
1070651567 289
1070797450 290
1071121755 291
1071183464 292
1071496918 293
1071519343 294
1071550972 295
1071760480 296
1071769518 297
1072063538 298
1072166282 299
1072455791 300
1072503099 301
1072507501 302
1072533704 303
1072533980 304
1072560694 305
1072779298 306
1072779568 307
1072818198 308
1072874511 309
1073069488 310
1073314797 311
1073931883 312
1075598224 313
1075611602 314
1075827302 315
1076168044 316
1076173414 317
1076185604 318
1076198559 319
1076224947 320
1076280963 321
1076285102 322
1076289047 323
1076302334 324
1076302442 325
1076328170 326
1076526556 327
1076539350 328
1076539598 329
1076600127 330
1076605004 331
1076626718 332
1076841388 333
1076893223 334
1076941351 335
1076963326 336
1077571786 337
1077623100 338
1077683507 339
1078309627 340
1078650886 341
1078956785 342
1078978823 343
1079013386 344
1079660882 345
1079687209 346
1079707882 347
1079967548 348
1080036886 349
1080067318 350
1080403122 351
1080684409 352
1080705988 353
1080714543 354
1080731065 355
1080732144 356
1081055426 357
1081086613 358
1081090506 359
1081392708 360
1081659180 361
1081710958 362
1081733696 363
1081755066 364
1081957306 365
1082005161 366
1082013851 367
1098737385 368
1099022750 369
1099043553 370
1099255933 371
1099389583 372
1099397913 373
1100085251 374
1100381898 375
1100801188 376
1100900138 377
1101133654 378
1101142083 379
1101142279 380
1101176893 381
1101474458 382
1101487727 383
1101517521 384
1101845661 385
1102191395 386
1102514975 387
1102795781 388
1102804327 389
1103577592 390
1104155212 391
1104595988 392
1104790425 393
1105653872 394
1106659945 395
1106672761 396
1106857669 397
1106888382 398
1106944058 399
1107014300 400
1107232942 401
1107306460 402
1107315870 403
1107315974 404
1107332454 405
1107345646 406
1107561814 407
1107566171 408
1107566252 409
1107578710 410
1107661735 411
1107687396 412
1108222244 413
1108382316 414
1108670593 415
1109314712 416
1109599486 417
1109651526 418
1109957857 419
1110013793 420
1110307501 421
1111032668 422
1111054438 423
1111058245 424
1111356585 425
1111373660 426
1111426025 427
1111439269 428
1111723053 429
1111753990 430
1111757266 431
1111762690 432
1112024879 433
1112090340 434
1112099400 435
1112410037 436
1112431072 437
1112436285 438
1112443807 439
1112457570 440
1112474319 441
1112777131 442
1113354860 443
1113371819 444
1113371822 445
1113717709 446
1129772186 447
1130152325 448
1130783454 449
1130839155 450
1131827390 451
1131827565 452
1131831990 453
1131836229 454
1131836336 455
1132168481 456
1132168616 457
1132168736 458
1132172898 459
1132176882 460
1132406255 461
1132526832 462
1132530992 463
1132846376 464
1133562752 465
1133839128 466
1133925083 467
1134140939 468
1134146373 469
1134482718 470
1134849005 471
1134849078 472
1135160387 473
1135294306 474
1135311328 475
1135881013 476
1135898324 477
1135941181 478
1135941581 479
1135984965 480
1136248041 481
1136252170 482
1136545839 483
1136752885 484
1136852640 485
1136852717 486
1137590955 487
1137699175 488
1137862716 489
1138026774 490
1138212774 491
1138390149 492
1138579549 493
1138587910 494
1138627253 495
1138730002 496
1138739329 497
1138915459 498
1139079537 499
1139079982 500
1139357090 501
1139369242 502
1139909038 503
1140003523 504
1140655376 505
1140655624 506
1140737968 507
1140738351 508
1140923511 509
1140996390 510
1141324564 511
1141328881 512
1141329227 513
1141337557 514
1141350537 515
1141390032 516
1141713514 517
1141730870 518
1142002856 519
1142049877 520
1142356576 521
1143064329 522
1143108190 523
1143129698 524
1143167974 525
1143496395 526
1143790253 527
1143802936 528
1143803274 529
1143807196 530
1143820325 531
1144756508 532
1144761556 533
1155263986 534
1158402729 535
1158691908 536
1160073701 537
1160807120 538
1161459105 539
1162534149 540
1162862472 541
1162862710 542
1162871168 543
1162944117 544
1163190900 545
1163194940 546
1163199311 547
1163228703 548
1163552692 549
1163898298 550
1164187272 551
1164196230 552
1164503211 553
1164545788 554
1164882751 555
1165305889 556
1166592256 557
1166674437 558
1166890100 559
1167235473 560
1167235720 561
1168283924 562
1168603800 563
1168733095 564
1168915489 565
1169277100 566
1169415167 567
1169420945 568
1169770111 569
1169954704 570
1170348225 571
1170352367 572
1170404875 573
1170645699 574
1171431567 575
1171436073 576
1171690432 577
1171690479 578
1172031461 579
1172441674 580
1172821757 581
1173011450 582
1173029301 583
1173448107 584
1173814525 585
1173823639 586
1174837582 587
1175122887 588
1175433492 589
1175800378 590
1190763066 591
1191315642 592
1192921725 593
1192922295 594
1193258702 595
1193599804 596
1193599901 597
1194562363 598
1195891557 599
1195999722 600
1196573432 601
1196573821 602
1196854070 603
1198049989 604
1199327859 605
1200014419 606
1200070420 607
1200108914 608
1200445927 609
1200451678 610
1200458936 611
1200554295 612
1200619473 613
1201296549 614
1201659335 615
1202677966 616
1202704262 617
1203070528 618
1204063702 619
1204124270 620
1204391417 621
1204547624 622
1204875505 623
1205090786 624
1205220831 625
1205225146 626
1205523418 627
1206114100 628
1206153341 629
1207154756 630
1220412108 631
1220434040 632
1220873910 633
1220873945 634
1222187110 635
1223200775 636
1223274640 637
1223388206 638
1223611056 639
1223848354 640
1224293669 641
1224523027 642
1224591253 643
1224595273 644
1224595608 645
1224941044 646
1225290240 647
1225290633 648
1225553531 649
1225640135 650
1226206190 651
1226296238 652
1230004532 653
1230095228 654
1231044615 655
1231140244 656
1231144274 657
1231299343 658
1231481760 659
1231679666 660
1232038141 661
1232041867 662
1232163708 663
1232171890 664
1232344382 665
1232369902 666
1233428010 667
1233436479 668
1233470705 669
1233492573 670
1233501275 671
1233505806 672
1233773217 673
1234481054 674
1236557691 675
1236558378 676
1236864195 677
1236864438 678
1236890214 679
1236890620 680
1237179690 681
1237197175 682
1237524538 683
1252966452 684
1253230203 685
1253990494 686
1254331599 687
1254340597 688
1254646205 689
1254931127 690
1255630284 691
1255630350 692
1255668961 693
1257629175 694
1259309269 695
1260011966 696
1260197431 697
1260197510 698
1260542968 699
1260883995 700
1261129711 701
1262170241 702
1262360335 703
1262520403 704
1263404948 705
1263646693 706
1264186300 707
1266478519 708
1266871604 709
1267929594 710
1268896703 711
1283173461 712
1283872218 713
1284265487 714
1284312505 715
1285343852 716
1286362826 717
1286362946 718
1288953551 719
1289359184 720
1290990807 721
1291017723 722
1291142212 723
1291374677 724
1292027772 725
1292083252 726
1293892027 727
1293896036 728
1293896697 729
1293900805 730
1294102958 731
1294237356 732
1294237693 733
1295260974 734
1295501882 735
1295855722 736
1298623653 737
1298960022 738
1298960207 739
1298985697 740
1299935493 741
1300276335 742
1311487571 743
1312169753 744
1313261883 745
1313849992 746
1315299801 747
1315308460 748
1316245799 749
1317074822 750
1317397643 751
1319134018 752
1320480289 753
1320825799 754
1321710747 755
1322051647 756
1323221783 757
1323454861 758
1324581060 759
1324762843 760
1325133618 761
1325138101 762
1325138112 763
1325138116 764
1325405571 765
1325479712 766
1325618370 767
1326157533 768
1330008281 769
1331311183 770
1343139850 771
1343891368 772
1344275238 773
1345061120 774
1345596879 775
1345972395 776
1346019612 777
1347047200 778
1347642883 779
1351065769 780
1351869732 781
1353043462 782
1354619186 783
1355961919 784
1356173442 785
1356988874 786
1357192528 787
1361332091 788
1361668991 789
1362674294 790
1374649768 791
1375081179 792
1378251040 793
1378440243 794
1384971580 795
1386659953 796
1386996608 797
1387342451 798
1387345967 799
1387527359 800
1387687146 801
1387868622 802
1387881882 803
1388223120 804
1388227743 805
1391749643 806
1392073423 807
1392073500 808
1392440010 809
1406362611 810
1406703818 811
1407053514 812
1407139453 813
1407398468 814
1407783264 815
1408828544 816
1409475218 817
1410516394 818
1415829386 819
1417573898 820
1417694673 821
1418022622 822
1418031957 823
1418036641 824
1418351262 825
1418572258 826
1418618235 827
1418920942 828
1418924735 829
1419909152 830
1419927105 831
1422443404 832
1422444092 833
1436935320 834
1437682133 835
1438515327 836
1439155296 837
1439754917 838
1440168755 839
1440462865 840
1440804168 841
1444351896 842
1445522838 843
1446351397 844
1446527869 845
1448393050 846
1448397185 847
1448587188 848
1448591766 849
1448794542 850
1448868137 851
1448929584 852
1448936559 853
1449606569 854
1449611593 855
1449767243 856
1449770852 857
1449947649 858
1450016008 859
1450103279 860
1450296978 861
1450452869 862
1450634305 863
1451401873 864
1455438367 865
1465630554 866
1470065021 867
1470211142 868
1471497788 869
1472223364 870
1478417729 871
1479618250 872
1479622707 873
1479764976 874
1480451341 875
1480452227 876
1480653743 877
1480783818 878
1480788315 879
1480982992 880
1481336075 881
1481336455 882
1481340761 883
1482169859 884
1482351119 885
1482777384 886
1484858743 887
1485786914 888
1486123650 889
1498379140 890
1500917990 891
1501820626 892
1502532423 893
1502567833 894
1502870544 895
1503552296 896
1504207129 897
1506382974 898
1507933560 899
1509780541 900
1509957347 901
1510303733 902
1510648834 903
1510791229 904
1510800692 905
1510809350 906
1511016097 907
1511132601 908
1511136598 909
1511818297 910
1511822719 911
1512029563 912
1512034076 913
1512163781 914
1512173180 915
1512178490 916
1512707390 917
1512845419 918
1512864182 919
1513541590 920
1513886210 921
1514076455 922
1514775604 923
1532285104 924
1533226802 925
1533239844 926
1533265020 927
1533481571 928
1533542078 929
1533567270 930
1534270924 931
1534279727 932
1534288046 933
1534721340 934
1534850246 935
1535372187 936
1535791554 937
1539309006 938
1540146302 939
1540828719 940
1541338954 941
1542167276 942
1543138040 943
1543216060 944
1543535599 945
1543536216 946
1543876280 947
1543893825 948
1543949467 949
1544554625 950
1545581861 951
1546155976 952
1562914723 953
1564157830 954
1564619820 955
1564628545 956
1565285353 957
1565608898 958
1566354821 959
1570111396 960
1570922129 961
1571708235 962
1571850419 963
1572507044 964
1572520204 965
1572744091 966
1573206643 967
1573547431 968
1573564384 969
1574164489 970
1574561993 971
1575261751 972
1575274210 973
1594882312 974
1596004773 975
1596017575 976
1596026014 977
1597287219 978
1598011458 979
1600334745 980
1600489166 981
1604223824 982
1604914822 983
1605181883 984
1605264477 985
1605269126 986
1605471724 987
1605613642 988
1605842920 989
1605964002 990
1605967994 991
1605968116 992
1607306225 993
1607311027 994
1623262447 995
1625978349 996
1628062270 997
1628135911 998
1628778800 999
1629050586 1000
1629383757 1001
1632016438 1002
1632055020 1003
1633078450 1004
1633441295 1005
1634576959 1006
1635604527 1007
1635617174 1008
1637171546 1009
1637512099 1010
1637659434 1011
1638004448 1012
1638561518 1013
1638897627 1014
1656683728 1015
1657021094 1016
1659469073 1017
1659753362 1018
1660479237 1019
1662577597 1020
1665288471 1021
1666298123 1022
1666561406 1023
1667670896 1024
1669255212 1025
1671638278 1026
1671952694 1027
1686717182 1028
1687032976 1029
1688039474 1030
1688409902 1031
1692782686 1032
1693128174 1033
1695658775 1034
1696897255 1035
1697674379 1036
1698355976 1037
1698365439 1038
1698732125 1039
1699059948 1040
1716082078 1041
1718114551 1042
1719436402 1043
1719746297 1044
1719764109 1045
1719953914 1046
1720088459 1047
1721857844 1048
1722156238 1049
1722164148 1050
1722185618 1051
1722889803 1052
1723506321 1053
1728942250 1054
1730444083 1055
1733370882 1056
1748071079 1057
1748092323 1058
1748666238 1059
1750816348 1060
1752888162 1061
1753523046 1062
1753527805 1063
1753535481 1064
1753583826 1065
1753928986 1066
1753929139 1067
1753937641 1068
1754213254 1069
1754287477 1070
1754632296 1071
1754632862 1072
1757612027 1073
1757680347 1074
1758962229 1075
1784876854 1076
1784881382 1077
1784891294 1078
1784955164 1079
1784973350 1080
1785240458 1081
1785581836 1082
1785663167 1083
1785926866 1084
1785931916 1085
1786273098 1086
1787014158 1087
1787636059 1088
1787692504 1089
1788391644 1090
1788654858 1091
1789773384 1092
1791996293 1093
1811163357 1094
1811163598 1095
1811492235 1096
1812493277 1097
1812510378 1098
1812515382 1099
1814604278 1100
1815929980 1101
1815934776 1102
1816007424 1103
1816284179 1104
1816343720 1105
1816343804 1106
1816611349 1107
1816620233 1108
1816621089 1109
1817065460 1110
1817307538 1111
1817712927 1112
1817998046 1113
1818696317 1114
1819698673 1115
1820005073 1116
1822686129 1117
1841174731 1118
1843536369 1119
1844249219 1120
1847715657 1121
1848000962 1122
1848666581 1123
1850387882 1124
1874947561 1125
1875284107 1126
1875288631 1127
1877667406 1128
1877749121 1129
1878354046 1130
1878354441 1131
1879018709 1132
1879095788 1133
1879385017 1134
1879441497 1135
1882009576 1136
1883042152 1137
1905977495 1138
1906663903 1139
1906663957 1140
1910066090 1141
1910070652 1142
1910407468 1143
1911438496 1144
1911775733 1145
1914460817 1146
1916485259 1147
1933892078 1148
1937003721 1149
1939050870 1150
1940419606 1151
1940487507 1152
1941792709 1153
1942438892 1154
1942452957 1155
1942806972 1156
1943147567 1157
1967353179 1158
1968721678 1159
1970439129 1160
1971462092 1161
1971873182 1162
1972204686 1163
1972204945 1164
1972477099 1165
1973573403 1166
1973585861 1167
1974181774 1168
1997377784 1169
1999751538 1170
2000861538 1171
2002147259 1172
2002830391 1173
2002837964 1174
2002838841 1175
2003175684 1176
2003495133 1177
2003862685 1178
2004198088 1179
2004544173 1180
2008571631 1181
203253253 1182
2033865410 1183
2033872849 1184
2033873422 1185
2034213892 1186
2034477252 1187
2034550982 1188
2034555457 1189
2035229272 1190
2035229936 1191
2035238470 1192
2035574498 1193
2035642776 1194
2035643041 1195
2035647468 1196
2035652117 1197
2035652138 1198
2035906864 1199
203594164 1200
203598466 1201
2035989132 1202
2036244317 1203
204621549 1204
204958353 1205
204958872 1206
205985855 1207
2064225833 1208
2065244716 1209
2065577319 1210
2066588633 1211
2066605141 1212
2066605922 1213
2066687168 1214
2066946900 1215
2066950172 1216
2067265009 1217
2067265677 1218
2067597984 1219
2067847820 1220
2092873489 1221
2096272398 1222
2096283582 1223
2096966671 1224
2097303136 1225
2097639393 1226
2098321419 1227
2098408511 1228
2098995259 1229
2123541376 1230
2123883176 1231
2127659983 1232
2127997003 1233
2130038437 1234
2131023294 1235
2147677469 1236
2157327176 1237
2157327321 1238
2158682340 1239
2159714246 1240
2159718465 1241
2186293111 1242
2187325736 1243
2187675035 1244
2187680237 1245
2187683348 1246
2188356978 1247
2188361816 1248
2188361989 1249
2190382236 1250
2190745188 1251
2192108884 1252
2192453806 1253
2216261919 1254
2217669773 1255
2219046255 1256
2219046487 1257
2221779613 1258
2223144438 1259
2223148195 1260
2223477154 1261
2249741022 1262
2250418423 1263
2250422894 1264
2250754651 1265
2251437875 1266
2251778373 1267
2251787239 1268
2253833921 1269
2254523290 1270
2280788907 1271
2282480586 1272
2282485535 1273
2283158828 1274
2283166650 1275
2283166821 1276
2283171130 1277
2283504379 1278
2284186501 1279
2285209141 1280
2311456176 1281
2312828760 1282
2313528908 1283
2313853267 1284
2314538529 1285
2315553068 1286
2315553917 1287
2315898572 1288
2316252268 1289
2316252927 1290
234284305 1291
2343199299 1292
2343523062 1293
2343864445 1294
2344887829 1295
2345914819 1296
234630133 1297
2347274239 1298
235657073 1299
236330337 1300
2373885250 1301
2377972598 1302
2409016548 1303
263674097 1304
264014957 1305
266187342 1306
266187383 1307
266187477 1308
266187480 1309
266187559 1310
266191407 1311
266528086 1312
266691460 1313
266873591 1314
267214250 1315
267223104 1316
267551639 1317
267564140 1318
267568157 1319
267896360 1320
268731005 1321
294450004 1322
295802733 1323
295828029 1324
295849410 1325
296139882 1326
296194535 1327
296199021 1328
296199026 1329
296199149 1330
296203324 1331
296203325 1332
296203392 1333
296203434 1334
296203440 1335
296358430 1336
296509709 1337
296531366 1338
296535619 1339
296535655 1340
296838079 1341
296855409 1342
296859399 1343
296885362 1344
297166053 1345
297217528 1346
297230760 1347
297519815 1348
297541369 1349
297563139 1350
297563270 1351
297580589 1352
297584752 1353
297584869 1354
297588995 1355
297908595 1356
297912117 1357
297917277 1358
297917363 1359
297917364 1360
297917459 1361
297917475 1362
297921570 1363
297921608 1364
297921808 1365
297925487 1366
297925526 1367
297925608 1368
297925628 1369
297929807 1370
297929902 1371
297929935 1372
297930068 1373
297934012 1374
297934349 1375
297938585 1376
297947227 1377
298241038 1378
298250090 1379
298254384 1380
298254474 1381
298254517 1382
298258354 1383
298258399 1384
298258415 1385
298258513 1386
298258530 1387
298258611 1388
298258737 1389
298262357 1390
298262408 1391
298262442 1392
298262488 1393
298262498 1394
298262599 1395
298262663 1396
298266660 1397
298266783 1398
298266903 1399
298267069 1400
298267091 1401
298586553 1402
298591130 1403
298595196 1404
298599269 1405
298599271 1406
298599664 1407
298603633 1408
298603693 1409
298603730 1410
298607673 1411
298607679 1412
298612190 1413
298616588 1414
298702668 1415
298927224 1416
298927362 1417
298931489 1418
298944444 1419
298944479 1420
298944745 1421
298948785 1422
298952944 1423
298957166 1424
299043307 1425
299043389 1426
299078990 1427
299082033 1428
299268507 1429
299281245 1430
299289811 1431
299290105 1432
299298381 1433
299604862 1434
299613480 1435
299617529 1436
299621755 1437
299626157 1438
299760154 1439
299954300 1440
299958695 1441
324721026 1442
324725187 1443
325743813 1444
325839288 1445
325839302 1446
326253554 1447
326474963 1448
326530038 1449
326547252 1450
326817334 1451
326879917 1452
326884223 1453
326884331 1454
326888433 1455
326888609 1456
326888627 1457
326888675 1458
326892322 1459
327056220 1460
327246381 1461
327583395 1462
327587644 1463
327588074 1464
327588225 1465
327588446 1466
327881747 1467
327933008 1468
327933027 1469
327933061 1470
327933208 1471
327937494 1472
327937506 1473
328010530 1474
328079288 1475
328244591 1476
328253133 1477
328264983 1478
328265389 1479
328269766 1480
328270395 1481
328274638 1482
328278449 1483
328291093 1484
328373131 1485
328417092 1486
328533761 1487
328538408 1488
328601956 1489
328611004 1490
328611654 1491
328632707 1492
328744210 1493
328930845 1494
328935472 1495
328939480 1496
328943204 1497
328948348 1498
328952123 1499
328956505 1500
329055655 1501
329098346 1502
329225149 1503
329301513 1504
329301762 1505
329310230 1506
329566174 1507
329566197 1508
329578247 1509
329638509 1510
329646990 1511
329732855 1512
329772284 1513
329897255 1514
329970706 1515
329978745 1516
329983926 1517
329988112 1518
330074324 1519
330260421 1520
330268940 1521
330316013 1522
330319983 1523
330320065 1524
330415332 1525
330640044 1526
330661529 1527
330661573 1528
330661786 1529
330678844 1530
330998090 1531
331006655 1532
331011085 1533
331343089 1534
331662710 1535
331774819 1536
355077858 1537
355086967 1538
356429209 1539
356818551 1540
356878521 1541
356909006 1542
356913605 1543
357224041 1544
357250005 1545
357250238 1546
357573154 1547
357581846 1548
357581860 1549
357581939 1550
357599074 1551
357940977 1552
357945155 1553
358264919 1554
358286194 1555
358286442 1556
358290805 1557
358613806 1558
358639742 1559
358725902 1560
358847551 1561
358890923 1562
359066834 1563
359240396 1564
359292188 1565
359317340 1566
359326764 1567
359744514 1568
359926787 1569
359931311 1570
360138182 1571
360254108 1572
360263797 1573
360268385 1574
360284300 1575
360310976 1576
360349882 1577
360431653 1578
360474485 1579
360591860 1580
360673271 1581
360677632 1582
360690414 1583
360759031 1584
360768001 1585
360768754 1586
360773196 1587
361005850 1588
361031397 1589
361040812 1590
361114148 1591
361264970 1592
361273559 1593
361312146 1594
361312808 1595
361341837 1596
361363973 1597
361364000 1598
361376643 1599
361445621 1600
361489208 1601
361636071 1602
361700223 1603
361700674 1604
361704572 1605
361722354 1606
361787030 1607
361825416 1608
361955066 1609
362019898 1610
362041442 1611
362045855 1612
362299997 1613
362369976 1614
362395402 1615
362473525 1616
362715189 1617
362719326 1618
362862047 1619
362866879 1620
364156501 1621
386280932 1622
386833850 1623
386877197 1624
387227028 1625
387568523 1626
387939094 1627
387939267 1628
387952104 1629
388267095 1630
388280249 1631
388280297 1632
388280322 1633
388280529 1634
388280541 1635
388280610 1636
388293131 1637
388638672 1638
388954086 1639
388975834 1640
389311717 1641
389657555 1642
389661909 1643
389808550 1644
389976940 1645
390003153 1646
390280026 1647
390330983 1648
390331214 1649
390331583 1650
390344260 1651
390352384 1652
390361224 1653
390473497 1654
390486371 1655
390590450 1656
390616496 1657
390641835 1658
390706983 1659
390818643 1660
390831305 1661
391016873 1662
391021712 1663
391034580 1664
391120561 1665
391155063 1666
391362634 1667
391496898 1668
391497219 1669
391610069 1670
391803510 1671
391971839 1672
392057736 1673
392066096 1674
392130578 1675
392144053 1676
392144191 1677
392179333 1678
392325925 1679
392389970 1680
392399005 1681
392411222 1682
392485374 1683
392645419 1684
392735903 1685
392757094 1686
392821837 1687
392822059 1688
393063351 1689
393163308 1690
393171256 1691
393210919 1692
393215059 1693
393215404 1694
393219680 1695
393404592 1696
393499533 1697
393766777 1698
393776005 1699
393883499 1700
394095053 1701
416876055 1702
417221397 1703
417558532 1704
417834021 1705
417908800 1706
418175238 1707
418261858 1708
418503161 1709
418516266 1710
418516470 1711
418607079 1712
418607328 1713
418607477 1714
418641700 1715
418969927 1716
418969956 1717
418970095 1718
418970154 1719
418987009 1720
419345606 1721
419466429 1722
419639583 1723
420010739 1724
420325753 1725
420347328 1726
420351087 1727
420351828 1728
420386244 1729
420454870 1730
420586101 1731
420666689 1732
420688062 1733
420688241 1734
420688294 1735
420696828 1736
420723066 1737
420834927 1738
421033734 1739
421041565 1740
421054850 1741
421055181 1742
421068062 1743
421167339 1744
421314273 1745
421318649 1746
421405157 1747
421728488 1748
421728750 1749
421815053 1750
422052346 1751
422056477 1752
422056521 1753
422388958 1754
422419397 1755
422492727 1756
422622063 1757
422738252 1758
422742649 1759
422751191 1760
422876942 1761
422877762 1762
422997837 1763
423096449 1764
423096943 1765
423101189 1766
423105632 1767
423175166 1768
423178587 1769
423213589 1770
423442357 1771
423512063 1772
423563311 1773
423748579 1774
423749262 1775
423766084 1776
423770604 1777
423783704 1778
423792217 1779
423792440 1780
423865889 1781
424193116 1782
424193645 1783
424193880 1784
424250610 1785
424434994 1786
424443911 1787
424452682 1788
424577375 1789
424582092 1790
424582503 1791
424788926 1792
424792976 1793
424793122 1794
424888924 1795
424918786 1796
424923616 1797
425104178 1798
425126008 1799
425143700 1800
425148091 1801
425225678 1802
425259348 1803
425462513 1804
425471220 1805
447599745 1806
447872055 1807
448204394 1808
448342846 1809
448536695 1810
448869118 1811
449205588 1812
449205611 1813
449209971 1814
449218986 1815
449244969 1816
449288517 1817
449296930 1818
449685778 1819
450004974 1820
450005014 1821
450034902 1822
450155482 1823
450354788 1824
450807268 1825
450971893 1826
451049385 1827
451054039 1828
451062462 1829
451148838 1830
451365099 1831
451390676 1832
451485030 1833
451662040 1834
451722668 1835
451827049 1836
451995306 1837
451995734 1838
452103083 1839
452162916 1840
452210677 1841
452336897 1842
452340995 1843
452401052 1844
452401246 1845
452552124 1846
452689494 1847
452694446 1848
452742028 1849
452771533 1850
452771913 1851
452841244 1852
452841283 1853
452883920 1854
453087379 1855
453108601 1856
453130054 1857
453194635 1858
453225226 1859
453380528 1860
453423834 1861
453436589 1862
453457927 1863
453522986 1864
453527730 1865
453535678 1866
453535855 1867
453536107 1868
453536432 1869
453765256 1870
453794660 1871
453868924 1872
453877296 1873
453877678 1874
454089465 1875
454136171 1876
454218713 1877
454252960 1878
454469072 1879
454477603 1880
454481372 1881
454589286 1882
454589701 1883
454787848 1884
454792422 1885
454822542 1886
454822714 1887
454895999 1888
454896445 1889
454899862 1890
454935401 1891
454939928 1892
455133591 1893
455141922 1894
455154890 1895
455155337 1896
455159380 1897
455172836 1898
455229034 1899
455232361 1900
455232626 1901
455237031 1902
455280268 1903
455280366 1904
455285838 1905
455483094 1906
455500416 1907
455513316 1908
455578166 1909
455815977 1910
455819680 1911
455820184 1912
455919196 1913
455958341 1914
456156825 1915
456174330 1916
456187010 1917
456506289 1918
456523994 1919
456597747 1920
456833888 1921
456846996 1922
456847092 1923
456847100 1924
456942698 1925
457175171 1926
457520516 1927
478591447 1928
479260891 1929
479637825 1930
479908320 1931
479912747 1932
480029788 1933
480258208 1934
480328501 1935
480387478 1936
480521586 1937
480664837 1938
480681197 1939
480854134 1940
480987689 1941
481034861 1942
481035392 1943
481070027 1944
481190355 1945
481191030 1946
481295335 1947
481359062 1948
481371769 1949
481390070 1950
481394217 1951
481406868 1952
481427934 1953
481532281 1954
481679524 1955
481731074 1956
481747302 1957
482002172 1958
482417237 1959
482421242 1960
482524464 1961
482563869 1962
482732443 1963
482762280 1964
482861459 1965
483017681 1966
483099193 1967
483206709 1968
483245369 1969
483720758 1970
483797945 1971
483798285 1972
483889019 1973
484126552 1974
484130600 1975
484134987 1976
484147730 1977
484355328 1978
484368420 1979
484554412 1980
484605222 1981
484735637 1982
484735678 1983
484821546 1984
484825371 1985
484829654 1986
484890037 1987
484903253 1988
484911881 1989
484911954 1990
484942773 1991
485132675 1992
485171192 1993
485171425 1994
485231414 1995
485249150 1996
485252796 1997
485253580 1998
485511772 1999
485585976 2000
485589846 2001
485594106 2002
485628489 2003
485745069 2004
485926760 2005
485930943 2006
485930996 2007
485934666 2008
485934965 2009
485935405 2010
485935465 2011
485935525 2012
485970020 2013
485973801 2014
486185442 2015
486194398 2016
486255488 2017
486272154 2018
486275900 2019
486314976 2020
486315287 2021
486444857 2022
486496648 2023
486518323 2024
486544396 2025
486608947 2026
486617890 2027
486812022 2028
486842208 2029
486867877 2030
486876782 2031
486880919 2032
486932201 2033
486958913 2034
486959190 2035
486988663 2036
486994024 2037
486994091 2038
487144598 2039
487187476 2040
487191620 2041
487212916 2042
487217638 2043
487286529 2044
487299537 2045
487299879 2046
487300023 2047
487300209 2048
487329262 2049
487523851 2050
487541595 2051
487623053 2052
487623337 2053
487640261 2054
487641257 2055
487671173 2056
487882168 2057
487882906 2058
487899426 2059
487899562 2060
487925037 2061
487925063 2062
487968933 2063
487976781 2064
488011955 2065
488231898 2066
488231939 2067
488559952 2068
488572496 2069
488581156 2070
488922181 2071
488931037 2072
489375496 2073
508689623 2074
509924185 2075
509928946 2076
509945954 2077
510049477 2078
510278421 2079
510278853 2080
510676580 2081
510680365 2082
510987433 2083
511025402 2084
511271574 2085
511349908 2086
511353266 2087
511660697 2088
511685969 2089
511772101 2090
511888610 2091
512014262 2092
512212110 2093
512411244 2094
512441111 2095
512441442 2096
512765816 2097
512774096 2098
512782759 2099
512787296 2100
513344531 2101
513668146 2102
513681077 2103
513788774 2104
513887940 2105
513896195 2106
514043443 2107
514068564 2108
514116545 2109
514271457 2110
514474716 2111
514474879 2112
514475106 2113
514583142 2114
514613165 2115
514708179 2116
514807275 2117
514816333 2118
514833145 2119
514837265 2120
514842241 2121
514850616 2122
514859045 2123
514958793 2124
515092013 2125
515152792 2126
515251693 2127
515524209 2128
515588291 2129
515601611 2130
515869245 2131
515947322 2132
515947324 2133
516163285 2134
516214576 2135
516283789 2136
516287961 2137
516288120 2138
516288489 2139
516322115 2140
516525656 2141
516551382 2142
516625009 2143
516629544 2144
516780722 2145
516806504 2146
516844782 2147
516857964 2148
516875221 2149
516888016 2150
516943929 2151
516961682 2152
516965856 2153
516970679 2154
517207902 2155
517242832 2156
517280671 2157
517306720 2158
517506265 2159
517514142 2160
517578770 2161
517587356 2162
517647609 2163
517648018 2164
517652222 2165
517682957 2166
517687607 2167
517838657 2168
517838849 2169
517872280 2170
517885151 2171
517902689 2172
517910959 2173
517911104 2174
517915796 2175
517916020 2176
517984650 2177
517993507 2178
517993553 2179
517993687 2180
518028678 2181
518036499 2182
518183562 2183
518217691 2184
518235177 2185
518252747 2186
518269350 2187
518321804 2188
518325503 2189
518325699 2190
518329528 2191
518329861 2192
518364766 2193
518558825 2194
518576422 2195
518580489 2196
518593663 2197
518598175 2198
518666806 2199
518670779 2200
518705498 2201
518861029 2202
518899665 2203
518920893 2204
518921865 2205
518925962 2206
518930199 2207
518930220 2208
518934633 2209
519004170 2210
519012059 2211
519012621 2212
519017153 2213
519017242 2214
519046655 2215
519262429 2216
519279166 2217
519339923 2218
519354028 2219
519358587 2220
519387893 2221
519591210 2222
519616809 2223
519620935 2224
519689333 2225
519694628 2226
519729208 2227
519949044 2228
520272258 2229
520285559 2230
520380132 2231
520617773 2232
520760152 2233
540972196 2234
541011631 2235
541192496 2236
541347811 2237
541697718 2238
541723810 2239
542376096 2240
542410481 2241
542691005 2242
542699260 2243
543023799 2244
543049093 2245
543062097 2246
543092817 2247
543135607 2248
543234427 2249
543238468 2250
543256347 2251
543260688 2252
543321179 2253
543412036 2254
543433461 2255
543441466 2256
543580330 2257
543592461 2258
543808842 2259
543821838 2260
543925418 2261
543934429 2262
544037996 2263
544038123 2264
544107243 2265
544107335 2266
544158940 2267
544262033 2268
544262349 2269
544265891 2270
544265926 2271
544270890 2272
544275544 2273
544512309 2274
544599014 2275
544602598 2276
544611593 2277
544620026 2278
544620289 2279
544637659 2280
544706811 2281
544831533 2282
544931723 2283
544943779 2284
544948071 2285
545284648 2286
545289059 2287
545293653 2288
545301965 2289
545444996 2290
545501062 2291
545510060 2292
545535468 2293
545617609 2294
545621581 2295
545625824 2296
545625900 2297
545626238 2298
545630021 2299
545631081 2300
545634347 2301
545635037 2302
545639210 2303
545639454 2304
545643385 2305
545872467 2306
545903200 2307
545906392 2308
545962610 2309
545962614 2310
545962750 2311
545966796 2312
545966857 2313
545967081 2314
545967423 2315
545967453 2316
545971070 2317
545971084 2318
545971196 2319
545971266 2320
545971295 2321
545971650 2322
545971745 2323
545971748 2324
545975516 2325
545975741 2326
545975878 2327
545979714 2328
545980691 2329
545980713 2330
545984286 2331
546080131 2332
546196205 2333
546217818 2334
546234932 2335
546287086 2336
546300005 2337
546303574 2338
546303624 2339
546303917 2340
546307782 2341
546307807 2342
546308077 2343
546308189 2344
546312139 2345
546312597 2346
546312618 2347
546316417 2348
546316427 2349
546316499 2350
546316520 2351
546316584 2352
546316621 2353
546316765 2354
546325197 2355
546325237 2356
546325745 2357
546325860 2358
546507208 2359
546559025 2360
546640628 2361
546641039 2362
546645399 2363
546661737 2364
546661830 2365
546661859 2366
546661879 2367
546661881 2368
546661929 2369
546661963 2370
546765551 2371
546977514 2372
546989945 2373
546990758 2374
546994830 2375
546998916 2376
547002880 2377
547002891 2378
547002907 2379
547158593 2380
547227734 2381
547240545 2382
547258283 2383
547310321 2384
547318128 2385
547318754 2386
547331291 2387
547343857 2388
547344214 2389
547551580 2390
547552266 2391
547565159 2392
547612423 2393
547659321 2394
547659598 2395
547672046 2396
547672057 2397
547676867 2398
547677130 2399
547680631 2400
547680689 2401
547681002 2402
547927681 2403
548013257 2404
548017378 2405
548017392 2406
548017405 2407
548022079 2408
548025953 2409
548026646 2410
548031014 2411
548035062 2412
548049064 2413
548203966 2414
548225503 2415
548250936 2416
548367192 2417
548367306 2418
548367416 2419
548367533 2420
548367581 2421
548371690 2422
548376023 2423
548377264 2424
548394273 2425
548570973 2426
548571023 2427
548575149 2428
548678665 2429
548691397 2430
548695046 2431
548699471 2432
548704188 2433
548708055 2434
548708124 2435
548708363 2436
548712377 2437
548712900 2438
548717604 2439
548717996 2440
548718223 2441
548718226 2442
548718289 2443
548722401 2444
548722538 2445
548907426 2446
548937579 2447
548949855 2448
548963433 2449
548993536 2450
549027949 2451
549032115 2452
549032154 2453
549032371 2454
549040631 2455
549158040 2456
549161688 2457
549175510 2458
549219101 2459
549252548 2460
549257678 2461
549261610 2462
549265887 2463
549269622 2464
549282467 2465
549347735 2466
549360458 2467
549364820 2468
549364902 2469
549369305 2470
549369308 2471
549377217 2472
549377612 2473
549381505 2474
549382144 2475
549385837 2476
549385850 2477
549394502 2478
549597974 2479
549610772 2480
549611256 2481
549692908 2482
549696983 2483
549701100 2484
549714149 2485
549718224 2486
549718297 2487
549722579 2488
549726953 2489
549727330 2490
549727386 2491
549731284 2492
549735839 2493
549744594 2494
549943673 2495
549955973 2496
549965027 2497
550029475 2498
550033883 2499
550047168 2500
550051705 2501
550055237 2502
550055393 2503
550059489 2504
550063565 2505
550063615 2506
550063632 2507
550063679 2508
550063806 2509
550068041 2510
550068399 2511
550072185 2512
550072202 2513
550072247 2514
550076798 2515
550081317 2516
550081666 2517
550081740 2518
550275952 2519
550275987 2520
550280614 2521
550297695 2522
550301858 2523
550319575 2524
550319585 2525
550322829 2526
550400302 2527
550404663 2528
550404686 2529
550404687 2530
550408954 2531
550408962 2532
550408990 2533
550413322 2534
550413337 2535
550417598 2536
550422109 2537
550422384 2538
550426732 2539
550431171 2540
550617370 2541
550621853 2542
550638250 2543
550655668 2544
550655959 2545
550681259 2546
550720698 2547
550737307 2548
550737387 2549
550741296 2550
550741323 2551
550745787 2552
550750102 2553
550962648 2554
550983795 2555
550988122 2556
551000891 2557
551004984 2558
551043841 2559
551065761 2560
551078480 2561
551086683 2562
551095302 2563
551095369 2564
551099643 2565
551099660 2566
551298257 2567
551302781 2568
551303686 2569
551337690 2570
551341782 2571
551410783 2572
551427936 2573
551432025 2574
551432047 2575
551446093 2576
551751968 2577
551751981 2578
551760443 2579
551764449 2580
551764469 2581
551777603 2582
551989415 2583
552101431 2584
571666434 2585
573142557 2586
573289993 2587
573337611 2588
573402255 2589
573670049 2590
573683438 2591
574040939 2592
574420970 2593
574511458 2594
574515806 2595
574732075 2596
574736017 2597
574965048 2598
574969092 2599
574973454 2600
575197482 2601
575301459 2602
575305924 2603
575323308 2604
575384259 2605
575426742 2606
575651309 2607
575768294 2608
575988538 2609
575992566 2610
576082257 2611
576208238 2612
576243061 2613
576324665 2614
576475847 2615
576502536 2616
576566223 2617
576566287 2618
576566621 2619
576574889 2620
576683512 2621
576825965 2622
576885542 2623
576898212 2624
576898907 2625
576898923 2626
576985092 2627
577002771 2628
577019326 2629
577205270 2630
577244511 2631
577330676 2632
577356430 2633
577369038 2634
577373434 2635
577554935 2636
577585079 2637
577697202 2638
577702398 2639
577709776 2640
577710786 2641
577720000 2642
578008551 2643
578016879 2644
578038867 2645
578249948 2646
578253910 2647
578254032 2648
578284233 2649
578556621 2650
578587259 2651
578587420 2652
578621125 2653
578642656 2654
578686468 2655
578690477 2656
578690500 2657
578707605 2658
578725249 2659
578728838 2660
578893446 2661
578919867 2662
578936010 2663
578936603 2664
578936675 2665
578945164 2666
579014562 2667
579014639 2668
579035665 2669
579052997 2670
579194975 2671
579230376 2672
579234980 2673
579239039 2674
579268807 2675
579298760 2676
579398547 2677
579402619 2678
579420195 2679
579420623 2680
579425252 2681
579536041 2682
579575594 2683
579596940 2684
579627475 2685
579648510 2686
579700707 2687
579769772 2688
579912201 2689
579946370 2690
579946915 2691
579963818 2692
580071186 2693
580084861 2694
580110678 2695
580287695 2696
580288167 2697
580300616 2698
580317662 2699
580326857 2700
580413399 2701
580426342 2702
580662960 2703
580667978 2704
580680652 2705
580732172 2706
580732377 2707
580732506 2708
580736603 2709
580736843 2710
580741415 2711
580745387 2712
580775496 2713
580775786 2714
580776190 2715
580780309 2716
580987056 2717
581004609 2718
581012908 2719
581013104 2720
581013183 2721
581013253 2722
581060581 2723
581064348 2724
581064707 2725
581069087 2726
581099105 2727
581121058 2728
5812979156 2729
5812979172 2730
5812979502 2731
5812979560 2732
5812979948 2733
5812979995 2734
5812980079 2735
5812980103 2736
5812980109 2737
5812980142 2738
5812980147 2739
5812980326 2740
5812980467 2741
5812980470 2742
5812980473 2743
5812980494 2744
5812980514 2745
5812980520 2746
5812980529 2747
5812980658 2748
5812980666 2749
5812980710 2750
5812980732 2751
5812980742 2752
5812980743 2753
5812980746 2754
5812980750 2755
5812980752 2756
5812980884 2757
5812980915 2758
5812980916 2759
5812980956 2760
5812980957 2761
5812981016 2762
5812981199 2763
5812981228 2764
5812981237 2765
5812981240 2766
5812981249 2767
5812981252 2768
5812981266 2769
5812981268 2770
5812981283 2771
5812981381 2772
5812981506 2773
5812981517 2774
5812981791 2775
5812981822 2776
5812981823 2777
5812981840 2778
5812981872 2779
5812981877 2780
5812982052 2781
5812982112 2782
5812982122 2783
5812982295 2784
5812982324 2785
5812982710 2786
5812982711 2787
5812982779 2788
5812982885 2789
5812982936 2790
5812982937 2791
5812982959 2792
5812982960 2793
5812982965 2794
5812982970 2795
5812982984 2796
5812982992 2797
5812982994 2798
5812983103 2799
5812983110 2800
5812983122 2801
5812983128 2802
5812983240 2803
5812983258 2804
5812983281 2805
5812983399 2806
5812983533 2807
5812983538 2808
5812983636 2809
5812983755 2810
5812983825 2811
5812983831 2812
5812983878 2813
5812983883 2814
5812984012 2815
5812986121 2816
5812986472 2817
5812986798 2818
5812987034 2819
5812987148 2820
5812987773 2821
5812988363 2822
5812989469 2823
5812989861 2824
5812990346 2825
5812991473 2826
5812991668 2827
5812992091 2828
5812992893 2829
5812993667 2830
5812994578 2831
5812994710 2832
5812997319 2833
5812997961 2834
5813001678 2835
5813002671 2836
5813004525 2837
5813005012 2838
5813007108 2839
5813007116 2840
5813008911 2841
5813008934 2842
5813009358 2843
5813009445 2844
5813009554 2845
5813009567 2846
5813009578 2847
5813009595 2848
5813009620 2849
5813009650 2850
5813009653 2851
5813009766 2852
5813009876 2853
5813009885 2854
5813009946 2855
5813010212 2856
5813010251 2857
5813010252 2858
5813010265 2859
5813010266 2860
5813010279 2861
5813010533 2862
5813010748 2863
5813010766 2864
5813010770 2865
5813010801 2866
5813010828 2867
5813010841 2868
5813010843 2869
5813010938 2870
5813011067 2871
5813011074 2872
5813011125 2873
5813011133 2874
5813011165 2875
5813011166 2876
5813011286 2877
5813011298 2878
5813011320 2879
5813011407 2880
5813011443 2881
5813011471 2882
5813011483 2883
5813011486 2884
5813011493 2885
5813011512 2886
5813011660 2887
5813011794 2888
5813011858 2889
5813011865 2890
5813012113 2891
5813012126 2892
5813012136 2893
5813012172 2894
5813012193 2895
5813012196 2896
5813012231 2897
5813012243 2898
5813012255 2899
5813012492 2900
5813012555 2901
5813012557 2902
5813012558 2903
5813012619 2904
5813012637 2905
5813012786 2906
5813012838 2907
5813012950 2908
5813012964 2909
5813012976 2910
5813012995 2911
5813013185 2912
5813013194 2913
5813013202 2914
5813013303 2915
5813013315 2916
5813013342 2917
5813013487 2918
5813013507 2919
5813013547 2920
5813013556 2921
5813013616 2922
5813013630 2923
5813013636 2924
5813013652 2925
5813013653 2926
5813013748 2927
5813013843 2928
5813014032 2929
5813014242 2930
5813014258 2931
5813014266 2932
5813014341 2933
5813014391 2934
5813014392 2935
5813014640 2936
5813014668 2937
5813014688 2938
5813014693 2939
5813014771 2940
5813014777 2941
5813014779 2942
5813014793 2943
5813015068 2944
5813015110 2945
5813015124 2946
5813015327 2947
5813015408 2948
5813015448 2949
5813015594 2950
5813015711 2951
5813016287 2952
5813016320 2953
5813016347 2954
5813016506 2955
5813016625 2956
5813016631 2957
5813016900 2958
5813016954 2959
5813016956 2960
5813016958 2961
5813019513 2962
5813019517 2963
5813019526 2964
5813019560 2965
5813019568 2966
5813019588 2967
5813019607 2968
5813019676 2969
5813019681 2970
5813019732 2971
5813019745 2972
5813019833 2973
5813019834 2974
5813019850 2975
5813019862 2976
5813019908 2977
5813019976 2978
5813020189 2979
5813020284 2980
5813020347 2981
5813020382 2982
5813020388 2983
5813020673 2984
5813020674 2985
5813020676 2986
5813020684 2987
5813020696 2988
5813020748 2989
5813020751 2990
5813020785 2991
5813020800 2992
5813020803 2993
5813020812 2994
5813020817 2995
5813020840 2996
5813020850 2997
5813020855 2998
5813020857 2999
5813020988 3000
5813020993 3001
5813020996 3002
5813021005 3003
5813021046 3004
5813021122 3005
5813021138 3006
5813021192 3007
5813021223 3008
5813021225 3009
5813021235 3010
5813021238 3011
5813021247 3012
5813021498 3013
5813021564 3014
5813021566 3015
5813021574 3016
5813021602 3017
5813021728 3018
5813021899 3019
5813021922 3020
5813022026 3021
5813022160 3022
5813022163 3023
5813022182 3024
5813022192 3025
5813022199 3026
5813022257 3027
5813022259 3028
5813022337 3029
5813022339 3030
5813022343 3031
5813022370 3032
5813022375 3033
5813022404 3034
5813022419 3035
5813022424 3036
5813022429 3037
5813022459 3038
5813022502 3039
5813022507 3040
5813022538 3041
5813022567 3042
5813022591 3043
5813022759 3044
5813022806 3045
5813022809 3046
5813022814 3047
5813022826 3048
5813022896 3049
5813022915 3050
5813022923 3051
5813022949 3052
5813022976 3053
5813024201 3054
5813024852 3055
5813024933 3056
5813026037 3057
5813026589 3058
5813026592 3059
5813026613 3060
5813026656 3061
5813026661 3062
5813026703 3063
5813026705 3064
5813026718 3065
5813026745 3066
5813026785 3067
5813026791 3068
5813027016 3069
5813027518 3070
5813027592 3071
5813027613 3072
5813027692 3073
5813027737 3074
5813027826 3075
5813027831 3076
5813027832 3077
5813032424 3078
5813032485 3079
5813032709 3080
5813032813 3081
5813032847 3082
5813032990 3083
5813033000 3084
5813033033 3085
5813033155 3086
5813033157 3087
5813033161 3088
5813033215 3089
5813033255 3090
5813033308 3091
5813033324 3092
5813033379 3093
5813033443 3094
5813033535 3095
5813033551 3096
5813034596 3097
5813035070 3098
5813035148 3099
5813035230 3100
5813035328 3101
5813035418 3102
5813035477 3103
5813035694 3104
5813035837 3105
5813038338 3106
5813038579 3107
5813038604 3108
5813039860 3109
5813039906 3110
5813039910 3111
5813039948 3112
5813040000 3113
5813040037 3114
5813040123 3115
5813040133 3116
5813040190 3117
5813040712 3118
5813040766 3119
5813040941 3120
5813041149 3121
5813041161 3122
5813041169 3123
5813041174 3124
5813041177 3125
5813041237 3126
5813041304 3127
5813041504 3128
5813041525 3129
5813041610 3130
5813041684 3131
5813041707 3132
5813042499 3133
5813045806 3134
5813046185 3135
5813046658 3136
5813046745 3137
5813046951 3138
5813047115 3139
5813047131 3140
5813047425 3141
5813047430 3142
5813047448 3143
5813047616 3144
5813047739 3145
5813047763 3146
5813047772 3147
5813048127 3148
5813048229 3149
5813048437 3150
5813048673 3151
5813048745 3152
5813049102 3153
5813049344 3154
5813049378 3155
5813049380 3156
5813049445 3157
5813049481 3158
5813049907 3159
5813049946 3160
5813049966 3161
5813050455 3162
5813050772 3163
5813052205 3164
5813052909 3165
5813053669 3166
5813053688 3167
5813053712 3168
5813053846 3169
5813053847 3170
5813053851 3171
5813053860 3172
5813053891 3173
5813053923 3174
5813054079 3175
5813054204 3176
5813054659 3177
5813054853 3178
5813055298 3179
5813055535 3180
5813055709 3181
5813055749 3182
5813055759 3183
5813055768 3184
5813055769 3185
5813055790 3186
5813055800 3187
5813055817 3188
5813055862 3189
5813055904 3190
5813055913 3191
5813055949 3192
5813055999 3193
5813056041 3194
5813056054 3195
5813056057 3196
5813056062 3197
5813056071 3198
5813056101 3199
5813056168 3200
5813056257 3201
5813056261 3202
5813056423 3203
5813056791 3204
5813056881 3205
5813056887 3206
5813056909 3207
5813056917 3208
5813056932 3209
5813056944 3210
5813056972 3211
5813056979 3212
5813057033 3213
5813057162 3214
5813057245 3215
5813057461 3216
5813057464 3217
5813057481 3218
5813057738 3219
5813057859 3220
5813057861 3221
5813057864 3222
5813057933 3223
5813057947 3224
5813057973 3225
5813058008 3226
5813058048 3227
5813058050 3228
5813058052 3229
5813058097 3230
5813058222 3231
5813058236 3232
5813058258 3233
5813058272 3234
5813058319 3235
5813058320 3236
5813058333 3237
5813058342 3238
5813058350 3239
5813058376 3240
5813058388 3241
5813058422 3242
5813058442 3243
5813058452 3244
5813058518 3245
5813060068 3246
5813060672 3247
5813060687 3248
5813060697 3249
5813060701 3250
5813060768 3251
5813060993 3252
5813061024 3253
5813061112 3254
5813061114 3255
5813061258 3256
5813061260 3257
5813061262 3258
5813061395 3259
5813061538 3260
5813061642 3261
5813061879 3262
5813061901 3263
5813061974 3264
5813062552 3265
5813062592 3266
5813062686 3267
5813062838 3268
5813062858 3269
5813062866 3270
5813062907 3271
5813063093 3272
5813063137 3273
5813063524 3274
5813063587 3275
5813063829 3276
5813064332 3277
5813064474 3278
5813064485 3279
5813064828 3280
5813065004 3281
5813065365 3282
5813065519 3283
5813066377 3284
5813066983 3285
5813067732 3286
5813067788 3287
5813067963 3288
5813068453 3289
5813068467 3290
5813068475 3291
5813068484 3292
5813068563 3293
5813068575 3294
5813068595 3295
5813068603 3296
5813068748 3297
5813068769 3298
5813068773 3299
5813069072 3300
5813069497 3301
5813069512 3302
5813069630 3303
5813069683 3304
5813069859 3305
5813069977 3306
5813070070 3307
5813070094 3308
5813070296 3309
5813070569 3310
5813070991 3311
5813071068 3312
5813071078 3313
5813071219 3314
5813071257 3315
5813071348 3316
5813071370 3317
5813071475 3318
5813075535 3319
5813075619 3320
5813075692 3321
5813075748 3322
5813075772 3323
5813075806 3324
5813075824 3325
5813075875 3326
5813075932 3327
5813076043 3328
5813076392 3329
5813077469 3330
5813077488 3331
5813077569 3332
5813077571 3333
5813077911 3334
5813077929 3335
5813077945 3336
5813077961 3337
5813078068 3338
5813078074 3339
5813078263 3340
5813078487 3341
5813078557 3342
5813078571 3343
5813078603 3344
5813078621 3345
5813078641 3346
5813078739 3347
5813079004 3348
5813079192 3349
5813079193 3350
5813079288 3351
5813079417 3352
5813079425 3353
5813080768 3354
5813080769 3355
5813081474 3356
5813081849 3357
5813081864 3358
5813082239 3359
5813082394 3360
5813082460 3361
5813082722 3362
5813082723 3363
5813082780 3364
5813083316 3365
5813083359 3366
5813083733 3367
5813083779 3368
5813083780 3369
5813083781 3370
5813087620 3371
5813087817 3372
5813087837 3373
5813087848 3374
5813087891 3375
5813087953 3376
5813087991 3377
5813088360 3378
5813088412 3379
5813088419 3380
5813088458 3381
5813088525 3382
5813088641 3383
5813088784 3384
5813088921 3385
5813088939 3386
5813089157 3387
5813089202 3388
5813089487 3389
5813089803 3390
5813089869 3391
5813090253 3392
5813090556 3393
5813091577 3394
5813092319 3395
5813092990 3396
5813093512 3397
5813094560 3398
5813094598 3399
5813094811 3400
5813096198 3401
5813096638 3402
5813096699 3403
5813096832 3404
5813096913 3405
5813097020 3406
5813097634 3407
5813097926 3408
5813098223 3409
5813098374 3410
5813098776 3411
5813098864 3412
5813098975 3413
5813100373 3414
5813103626 3415
5813104563 3416
5813104761 3417
5813105726 3418
5813105778 3419
5813108129 3420
5813108247 3421
5813108370 3422
5813109064 3423
5813109120 3424
5813109159 3425
5813109198 3426
5813109327 3427
5813111272 3428
5813111989 3429
5813116551 3430
5813116916 3431
5813117385 3432
5813123042 3433
5813123584 3434
5813123585 3435
5813124162 3436
5813124939 3437
5813126031 3438
5813127030 3439
5813128594 3440
5813129271 3441
5813129453 3442
5813129481 3443
5813130028 3444
5813130366 3445
5813132515 3446
5813133134 3447
5813133463 3448
5813133506 3449
5813133903 3450
5813133917 3451
5813134052 3452
5813134055 3453
5813134082 3454
5813134294 3455
5813135108 3456
581314586 3457
581332573 3458
581336531 3459
581336621 3460
581358486 3461
581405615 3462
581409749 3463
581414714 3464
581432310 3465
581436615 3466
581440626 3467
581465861 3468
581648167 3469
581652283 3470
581678043 3471
581685825 3472
581690438 3473
581746661 3474
581746674 3475
581754996 3476
581755530 3477
581755794 3478
581790318 3479
581962275 3480
582027783 3481
582096833 3482
582101022 3483
582101205 3484
582118764 3485
582130477 3486
582139830 3487
582148503 3488
582333967 3489
582355376 3490
582372162 3491
582381047 3492
582381054 3493
582451095 3494
582473145 3495
582696254 3496
582700300 3497
582709537 3498
582791755 3499
582795696 3500
583015749 3501
583127938 3502
583132200 3503
583150030 3504
583162608 3505
5901118375 3506
5901192948 3507
5901193720 3508
5901193890 3509
5901194840 3510
5901195945 3511
5901196159 3512
5901196319 3513
5901196628 3514
5901197108 3515
5901197274 3516
5901197801 3517
5901198036 3518
5901200903 3519
5901201676 3520
5901201909 3521
5901203310 3522
5901203505 3523
5901203703 3524
5901203704 3525
5901203987 3526
5901204522 3527
5901204845 3528
5901206990 3529
5901208549 3530
5901210740 3531
5901212906 3532
5901213155 3533
5901213440 3534
5901213624 3535
5901213707 3536
5901215775 3537
5901215966 3538
5901215971 3539
5901218930 3540
5901220525 3541
5901221584 3542
5901221649 3543
5901221890 3544
5901222127 3545
5901224780 3546
5901225184 3547
5901225197 3548
5901225755 3549
5901226036 3550
5901227064 3551
5901227238 3552
5901227695 3553
5901228218 3554
5901230025 3555
5901231318 3556
5901232053 3557
5901232546 3558
5901232601 3559
5901232690 3560
602071049 3561
602368546 3562
602476655 3563
602645152 3564
603068370 3565
603167111 3566
603444300 3567
603482385 3568
604070433 3569
604194925 3570
604195063 3571
604195247 3572
604289581 3573
604634863 3574
604661621 3575
604709727 3576
604856102 3577
604864322 3578
604864392 3579
604976663 3580
604989434 3581
604989814 3582
605006733 3583
605166418 3584
605532956 3585
605550395 3586
605554875 3587
605654689 3588
605662705 3589
605852310 3590
605994959 3591
605999323 3592
606103219 3593
606193500 3594
606340818 3595
606461310 3596
606703149 3597
607195856 3598
607221569 3599
607251100 3600
607260192 3601
607264357 3602
607273128 3603
607273339 3604
607373222 3605
607592906 3606
607597135 3607
607692113 3608
607700797 3609
607894716 3610
607925257 3611
607929192 3612
607933758 3613
607938091 3614
607955261 3615
608041927 3616
608042044 3617
608059244 3618
608241077 3619
608261812 3620
608266363 3621
608278754 3622
608283432 3623
608301148 3624
608369629 3625
608377992 3626
608386952 3627
608417561 3628
608602824 3629
608628936 3630
608715651 3631
608728678 3632
608754263 3633
608926849 3634
608943524 3635
608944196 3636
608948356 3637
608974335 3638
609052312 3639
609281007 3640
609289395 3641
609297824 3642
609310926 3643
609384093 3644
609513630 3645
609587511 3646
609587594 3647
609591640 3648
609591758 3649
609591823 3650
609591880 3651
609591891 3652
609591989 3653
609630483 3654
609647533 3655
609655670 3656
609656444 3657
609660480 3658
609664692 3659
609677179 3660
609765114 3661
609773847 3662
609778038 3663
609893831 3664
609975449 3665
609979769 3666
609988789 3667
609992451 3668
609993550 3669
609997539 3670
610018976 3671
610061715 3672
610070731 3673
610113424 3674
610299911 3675
610312734 3676
610321430 3677
610321522 3678
610329293 3679
610338229 3680
610342229 3681
610351307 3682
610368283 3683
610376954 3684
610381395 3685
610415691 3686
610446473 3687
610601810 3688
610666582 3689
610670860 3690
610722297 3691
610731053 3692
610762153 3693
610766538 3694
610799758 3695
610800574 3696
610803857 3697
610981555 3698
610981584 3699
611015907 3700
611016455 3701
611020135 3702
611029037 3703
611037750 3704
611068232 3705
611089612 3706
611089775 3707
611102913 3708
611120001 3709
611262552 3710
611323310 3711
611340150 3712
611343891 3713
611348784 3714
611352588 3715
611357256 3716
611361002 3717
611361058 3718
611365952 3719
611413241 3720
611452437 3721
611465261 3722
611629428 3723
611663250 3724
611676650 3725
611693656 3726
611694145 3727
611706830 3728
611728142 3729
611771101 3730
611776075 3731
611796890 3732
611797999 3733
611806486 3734
611810783 3735
611814312 3736
612004584 3737
612013591 3738
612034653 3739
612095452 3740
612121276 3741
612138999 3742
612146881 3743
612307129 3744
612336669 3745
612358673 3746
612367274 3747
612367371 3748
612371421 3749
612414168 3750
612422902 3751
612436752 3752
612440702 3753
612445325 3754
612488399 3755
612492779 3756
612638791 3757
612643681 3758
612703762 3759
612704225 3760
612712334 3761
612742137 3762
612742165 3763
612742224 3764
612742229 3765
612742248 3766
612742298 3767
612742316 3768
612746557 3769
612746670 3770
612755343 3771
612777140 3772
612790140 3773
613040388 3774
613040803 3775
613044611 3776
613066879 3777
613079053 3778
613083298 3779
613083317 3780
613083359 3781
613083375 3782
613126471 3783
613175370 3784
613179816 3785
613191512 3786
613338546 3787
613386220 3788
613394707 3789
613398542 3790
613420343 3791
613480833 3792
613520418 3793
613727557 3794
613744224 3795
613744647 3796
613756712 3797
613813102 3798
613817604 3799
613822435 3800
613835914 3801
613847777 3802
613852471 3803
613874080 3804
614081109 3805
614081151 3806
614172073 3807
614175857 3808
614179968 3809
614203259 3810
614413183 3811
614417802 3812
633541960 3813
634879889 3814
635541640 3815
635674180 3816
635860358 3817
635878327 3818
635890732 3819
635895000 3820
635908014 3821
636236092 3822
636344136 3823
636356423 3824
636594376 3825
636667489 3826
636944318 3827
637008792 3828
637224582 3829
637393228 3830
637475264 3831
637540087 3832
637621553 3833
637730365 3834
637949421 3835
637958190 3836
638040562 3837
638057879 3838
638057952 3839
638152829 3840
638312678 3841
638394209 3842
638740232 3843
638748929 3844
638964662 3845
638972808 3846
638985608 3847
638985888 3848
639008013 3849
639050664 3850
639063702 3851
639275368 3852
639309432 3853
639310040 3854
639318234 3855
639327084 3856
639405054 3857
639585968 3858
639650941 3859
639655157 3860
639655378 3861
639659397 3862
639659514 3863
639667528 3864
639750347 3865
639762942 3866
639771058 3867
639957655 3868
639974538 3869
639995972 3870
6400000773 3871
640104852 3872
640276971 3873
640596169 3874
640617445 3875
640665331 3876
640691030 3877
640691209 3878
640755994 3879
640760406 3880
640773630 3881
640804169 3882
640963528 3883
641062535 3884
641066630 3885
641118848 3886
641126853 3887
641355714 3888
641373426 3889
641403248 3890
641463651 3891
641464420 3892
641472615 3893
641688553 3894
641701225 3895
641709401 3896
641709938 3897
641714522 3898
641800787 3899
641805300 3900
642024743 3901
642041782 3902
642046803 3903
642068547 3904
642123981 3905
642150995 3906
642171582 3907
642172120 3908
642365841 3909
642374754 3910
642378701 3911
642387595 3912
642387775 3913
642387793 3914
642496184 3915
642504699 3916
642504878 3917
642509080 3918
642651049 3919
642660081 3920
642664141 3921
642693620 3922
642694410 3923
642702809 3924
642715276 3925
642715563 3926
642715622 3927
642715875 3928
642720054 3929
642720190 3930
642723975 3931
642724189 3932
642724424 3933
642732835 3934
642763119 3935
642763374 3936
642824051 3937
642827914 3938
642845604 3939
642846335 3940
642979697 3941
643005055 3942
643039876 3943
643052767 3944
643060819 3945
643061275 3946
643073880 3947
643078133 3948
643142863 3949
643151522 3950
643152220 3951
643156727 3952
643160749 3953
643329030 3954
643350227 3955
643376222 3956
643389529 3957
643393020 3958
643393550 3959
643393624 3960
643393688 3961
643398197 3962
643401816 3963
643402037 3964
643462563 3965
643475630 3966
643488175 3967
643502004 3968
643502099 3969
643502135 3970
643506462 3971
643515227 3972
643531962 3973
643679015 3974
643691163 3975
643721915 3976
643739027 3977
643743142 3978
643760681 3979
643773259 3980
643794320 3981
643812292 3982
643830129 3983
643838258 3984
643847447 3985
643859327 3986
643860525 3987
643864734 3988
643868715 3989
644071614 3990
644079767 3991
644083764 3992
644092984 3993
644113913 3994
644118254 3995
644148539 3996
644148561 3997
644148647 3998
644148661 3999
644148705 4000
644152981 4001
644153089 4002
644161860 4003
644196793 4004
644218343 4005
644378240 4006
644408508 4007
644412509 4008
644417074 4009
644417091 4010
644421171 4011
644425543 4012
644433538 4013
644437931 4014
644442919 4015
644450565 4016
644450686 4017
644529212 4018
644538274 4019
644757911 4020
644761952 4021
644788121 4022
644862107 4023
644862119 4024
644870768 4025
644874664 4026
644905045 4027
644908954 4028
645086558 4029
645094600 4030
645111897 4031
645198073 4032
645224664 4033
645228729 4034
645448827 4035
645449236 4036
645456880 4037
645556717 4038
645556898 4039
645897107 4040
665479890 4041
665556968 4042
665897487 4043
666200256 4044
666575508 4045
666942960 4046
666994301 4047
667266529 4048
667271225 4049
667279709 4050
667413225 4051
667615836 4052
667758927 4053
667936188 4054
668065234 4055
668077873 4056
668285416 4057
668384542 4058
668618317 4059
668660617 4060
668742424 4061
668760410 4062
668768874 4063
668967527 4064
669075559 4065
669088684 4066
669097021 4067
669321086 4068
669325882 4069
669421910 4070
669433549 4071
669649730 4072
669649736 4073
669666822 4074
669670654 4075
669675454 4076
669744300 4077
669779033 4078
669965108 4079
669977676 4080
669978138 4081
669990380 4082
670003592 4083
670020922 4084
670024927 4085
670089878 4086
670094261 4087
670115770 4088
670353202 4089
670353384 4090
670357457 4091
670357488 4092
670357655 4093
670362225 4094
670370149 4095
670370239 4096
670431030 4097
670435003 4098
670435566 4099
670448503 4100
670452932 4101
670469996 4102
670651346 4103
670681593 4104
670690090 4105
670693735 4106
670703141 4107
670772147 4108
670776253 4109
670776480 4110
670785345 4111
670798473 4112
670802203 4113
670810688 4114
670883838 4115
671026518 4116
671035328 4117
671130857 4118
671143850 4119
671234167 4120
671345931 4121
671393987 4122
671449467 4123
671462984 4124
671484332 4125
671657343 4126
671660941 4127
671751354 4128
671756253 4129
671795298 4130
671803759 4131
672002621 4132
672041363 4133
672058109 4134
672092798 4135
672149658 4136
672157925 4137
672192070 4138
672390849 4139
672407642 4140
672429275 4141
672490308 4142
672491097 4143
672494647 4144
672494995 4145
672524871 4146
672598344 4147
672697926 4148
672723441 4149
672809472 4150
672835284 4151
672840327 4152
672840346 4153
672875082 4154
673047760 4155
673068602 4156
673072771 4157
673072855 4158
673073015 4159
673077361 4160
673085197 4161
673085574 4162
673090000 4163
673158826 4164
673177100 4165
673181026 4166
673185488 4167
673189141 4168
673207265 4169
673405506 4170
673413730 4171
673414084 4172
673418040 4173
673418284 4174
673426911 4175
673426956 4176
673435566 4177
673509195 4178
673513595 4179
673513680 4180
673518025 4181
673518160 4182
673555868 4183
673702721 4184
673741976 4185
673746277 4186
673746538 4187
673755123 4188
673758836 4189
673763861 4190
673772212 4191
673772244 4192
673772290 4193
673776769 4194
673841414 4195
673845326 4196
673863199 4197
673867819 4198
673867858 4199
673867913 4200
673884355 4201
674069555 4202
674096140 4203
674100160 4204
674108632 4205
674108802 4206
674186774 4207
674195797 4208
674195925 4209
674195939 4210
674196015 4211
674199553 4212
674200088 4213
674200163 4214
674204416 4215
674204586 4216
674209325 4217
674420122 4218
674423996 4219
674427795 4220
674446014 4221
674519060 4222
674532291 4223
674532453 4224
674540638 4225
674541239 4226
674545602 4227
674549878 4228
674554589 4229
674558711 4230
674562454 4231
674760695 4232
674760884 4233
674781866 4234
674807824 4235
674877940 4236
674882237 4237
674882250 4238
674882302 4239
674886219 4240
674886247 4241
674886426 4242
674890909 4243
674903997 4244
675097613 4245
675119034 4246
675127699 4247
675127915 4248
675136878 4249
675144908 4250
675144948 4251
675148961 4252
675153151 4253
675166212 4254
675187509 4255
675187531 4256
675187558 4257
675187572 4258
675187578 4259
675187643 4260
675214755 4261
675227374 4262
675235522 4263
675244095 4264
675244636 4265
675245169 4266
675245450 4267
675245573 4268
675442851 4269
675447609 4270
675451588 4271
675455751 4272
675468771 4273
675490204 4274
675490252 4275
675528661 4276
675551068 4277
675555065 4278
675560123 4279
675567895 4280
675568335 4281
675577227 4282
675577297 4283
675586380 4284
675586551 4285
675590677 4286
675767414 4287
675779986 4288
675784199 4289
675800740 4290
675800901 4291
675809746 4292
675809900 4293
675822559 4294
675822802 4295
675835107 4296
675883268 4297
675887521 4298
675892203 4299
675896290 4300
675909493 4301
675913699 4302
676133767 4303
676138357 4304
676262737 4305
676263463 4306
676263490 4307
676263706 4308
676263757 4309
676479156 4310
676479217 4311
676482825 4312
676595818 4313
676604409 4314
676604635 4315
676802870 4316
676824431 4317
676927521 4318
694299183 4319
695469100 4320
695500178 4321
696617609 4322
696617614 4323
696846594 4324
696950427 4325
697061826 4326
697265869 4327
697269889 4328
697316795 4329
697416237 4330
697640740 4331
697939194 4332
697977988 4333
698224251 4334
698314499 4335
698331117 4336
698400526 4337
698418398 4338
698443880 4339
698444473 4340
698646654 4341
698742094 4342
698754421 4343
698772143 4344
698979607 4345
698996246 4346
699031185 4347
699178922 4348
699358695 4349
699363923 4350
699415334 4351
699463239 4352
699665498 4353
699687305 4354
699695617 4355
699752330 4356
699791076 4357
699998408 4358
700037217 4359
700144964 4360
700149394 4361
700335140 4362
700347500 4363
700347654 4364
700356592 4365
700360289 4366
700377995 4367
700442663 4368
700472947 4369
700481649 4370
700486220 4371
700658962 4372
700683875 4373
700779022 4374
700787980 4375
700792608 4376
700796582 4377
700801298 4378
700805759 4379
700982749 4380
701055731 4381
701055933 4382
701120315 4383
701147064 4384
701151126 4385
701345660 4386
701371011 4387
701383309 4388
701469455 4389
701470006 4390
701478446 4391
701501142 4392
701522478 4393
701522843 4394
701733434 4395
701742479 4396
701815702 4397
701815778 4398
701824508 4399
702057375 4400
702069970 4401
702079023 4402
702079135 4403
702152113 4404
702161043 4405
702199343 4406
702204722 4407
702389193 4408
702493502 4409
702506536 4410
702506641 4411
702511002 4412
702541330 4413
702708540 4414
702730227 4415
702730249 4416
702739659 4417
702760612 4418
702760942 4419
702765785 4420
702843399 4421
702843625 4422
702847749 4423
702847835 4424
702847867 4425
702865319 4426
702882168 4427
703050435 4428
703059097 4429
703101952 4430
703106626 4431
703145276 4432
703179782 4433
703179848 4434
703188115 4435
703188128 4436
703193246 4437
703193255 4438
703196977 4439
703387200 4440
703421315 4441
703438567 4442
703520780 4443
703520999 4444
703546653 4445
703702863 4446
703740639 4447
703779386 4448
703792184 4449
703857506 4450
703857634 4451
703857647 4452
703865775 4453
703866010 4454
703866312 4455
703900244 4456
703909614 4457
704078253 4458
704094972 4459
704111734 4460
704116248 4461
704129001 4462
704181203 4463
704211066 4464
704216351 4465
704216501 4466
704233784 4467
704453006 4468
704466265 4469
704526371 4470
704539463 4471
704543953 4472
704548170 4473
704548262 4474
704548608 4475
704552421 4476
704552677 4477
704557115 4478
704561517 4479
704583323 4480
704777224 4481
704781310 4482
704785058 4483
704785187 4484
704785256 4485
704785546 4486
704798196 4487
704816317 4488
704880173 4489
704880200 4490
704889031 4491
704893525 4492
704898746 4493
704919972 4494
704920025 4495
705117582 4496
705118017 4497
705139000 4498
705152141 4499
705217250 4500
705225742 4501
705229969 4502
705230543 4503
705234668 4504
705243675 4505
705243748 4506
705243820 4507
705260656 4508
705454177 4509
705462899 4510
705463175 4511
705463539 4512
705471952 4513
705554290 4514
705554385 4515
705558104 4516
705558125 4517
705566917 4518
705571469 4519
705575832 4520
705579678 4521
705580431 4522
705589058 4523
705597377 4524
705787638 4525
705795727 4526
705813217 4527
705816818 4528
705830147 4529
705895345 4530
705900015 4531
705921032 4532
705925937 4533
705934237 4534
705934295 4535
705938591 4536
706145536 4537
706176085 4538
706240348 4539
706253392 4540
706274906 4541
706275406 4542
706279208 4543
706279799 4544
706283812 4545
706451920 4546
706473389 4547
706508078 4548
706520453 4549
706590422 4550
706594432 4551
706595046 4552
706602555 4553
706607525 4554
706607701 4555
706616140 4556
706620311 4557
706625117 4558
706629854 4559
706780344 4560
706819341 4561
706862579 4562
706935923 4563
706944218 4564
706948318 4565
706948943 4566
706952287 4567
706952549 4568
706965816 4569
706969794 4570
706970374 4571
707190304 4572
707190771 4573
707258828 4574
707303240 4575
707303341 4576
707306937 4577
707539688 4578
707617749 4579
707622246 4580
707626940 4581
707627007 4582
707627039 4583
707837502 4584
707854620 4585
707854989 4586
707858790 4587
707863263 4588
707958716 4589
707962822 4590
707963035 4591
707966860 4592
708187441 4593
708208811 4594
708312447 4595
708545526 4596
7112613360 4597
7112613371 4598
7112614935 4599
7112615101 4600
7112616205 4601
7112622044 4602
7112623383 4603
7112624446 4604
7112624947 4605
7112624972 4606
7112625063 4607
7112625115 4608
7112625126 4609
7112625282 4610
7112625310 4611
7112626236 4612
725701350 4613
727260872 4614
727276708 4615
727713068 4616
727929407 4617
727968539 4618
728260915 4619
728625156 4620
728667734 4621
728974338 4622
728995438 4623
729007932 4624
729007988 4625
729358056 4626
729362386 4627
729457812 4628
729677428 4629
729698580 4630
729698667 4631
729772652 4632
729790291 4633
729798521 4634
729811378 4635
729867599 4636
729997357 4637
730001920 4638
730006122 4639
730013818 4640
730104740 4641
730118077 4642
730130818 4643
730131007 4644
730147829 4645
730147972 4646
730148003 4647
730165570 4648
730368076 4649
730398148 4650
730398229 4651
730454511 4652
730475736 4653
730493835 4654
730497472 4655
730687491 4656
730692294 4657
730709173 4658
730717696 4659
730721558 4660
730730860 4661
730743732 4662
730804352 4663
730830330 4664
730830911 4665
730834388 4666
730838984 4667
730843416 4668
730843612 4669
731062953 4670
731071789 4671
731140650 4672
731140809 4673
731145160 4674
731145304 4675
731150343 4676
731357364 4677
731434251 4678
731482010 4679
731494823 4680
731516751 4681
731524779 4682
731525563 4683
731688775 4684
731689147 4685
731753669 4686
731831926 4687
731848935 4688
732034854 4689
732038716 4690
732059827 4691
732064546 4692
732077752 4693
732082028 4694
732086360 4695
732159588 4696
732163357 4697
732164021 4698
732177096 4699
732189964 4700
732190039 4701
732431788 4702
732487987 4703
732496591 4704
732514014 4705
732518846 4706
732518921 4707
732741880 4708
732777416 4709
732854383 4710
732855337 4711
732885054 4712
733100946 4713
733182574 4714
733187248 4715
733192083 4716
733196072 4717
733203990 4718
733204605 4719
733235394 4720
733399215 4721
733433426 4722
733458828 4723
733528372 4724
733532956 4725
733545854 4726
733575765 4727
733796382 4728
733834095 4729
733873446 4730
733873838 4731
733920677 4732
734088804 4733
734132592 4734
734206142 4735
734223288 4736
734327429 4737
734408687 4738
734460065 4739
734460720 4740
734473582 4741
734491001 4742
734547253 4743
734551239 4744
734581819 4745
734599550 4746
734754585 4747
734801540 4748
734814195 4749
734814622 4750
734892616 4751
734901302 4752
734922690 4753
735091236 4754
735134301 4755
735146934 4756
735172672 4757
735216414 4758
735228894 4759
735237649 4760
735250563 4761
735282133 4762
735470654 4763
735487570 4764
735488299 4765
735509967 4766
735569882 4767
735570063 4768
735582897 4769
735583313 4770
735772860 4771
735816081 4772
735816258 4773
735906575 4774
735928427 4775
735933007 4776
735937329 4777
735941254 4778
735941543 4779
736109737 4780
736140238 4781
736157288 4782
736173896 4783
736174181 4784
736265297 4785
736274233 4786
736286550 4787
736291275 4788
736299152 4789
736299981 4790
736433303 4791
736498255 4792
736502411 4793
736506940 4794
736507123 4795
736584819 4796
736589443 4797
736597546 4798
736614555 4799
736615092 4800
736618725 4801
736619014 4802
736619385 4803
736623576 4804
736627575 4805
736627693 4806
736779340 4807
736791573 4808
736830579 4809
736860990 4810
736942972 4811
736943136 4812
736951485 4813
736951791 4814
736960014 4815
736969264 4816
737189212 4817
737197431 4818
737231959 4819
737262193 4820
737300958 4821
737318679 4822
737486877 4823
737491049 4824
737491087 4825
737512824 4826
737607426 4827
737607614 4828
737607638 4829
737646604 4830
737819547 4831
737824168 4832
737832306 4833
737892940 4834
737970549 4835
737970791 4836
737979073 4837
737996268 4838
737996475 4839
738008909 4840
738009096 4841
738246510 4842
738652131 4843
738656719 4844
738656940 4845
738665161 4846
738876690 4847
738876801 4848
738886042 4849
738989372 4850
738998158 4851
739002063 4852
739006671 4853
739213376 4854
739213909 4855
739226403 4856
739256609 4857
739343385 4858
739567785 4859
739572008 4860
739917109 4861
756390604 4862
756623488 4863
757538997 4864
758296423 4865
758674661 4866
758955666 4867
758977730 4868
758990648 4869
759127597 4870
759633968 4871
759667315 4872
759681018 4873
759991385 4874
760021137 4875
760034514 4876
760268555 4877
760323253 4878
760358472 4879
760397191 4880
760397222 4881
760487313 4882
760488130 4883
760690116 4884
760729207 4885
760733648 4886
760733959 4887
760798618 4888
760806798 4889
760807090 4890
760821030 4891
760828908 4892
760845715 4893
761040902 4894
761044410 4895
761083880 4896
761096077 4897
761144013 4898
761165432 4899
761174278 4900
761182838 4901
761182853 4902
761489398 4903
761494051 4904
761537199 4905
761744194 4906
761838866 4907
761838951 4908
761843188 4909
761873196 4910
762037782 4911
762058745 4912
762093495 4913
762111368 4914
762171741 4915
762176004 4916
762180073 4917
762184774 4918
762184860 4919
762210257 4920
762215286 4921
762274975 4922
762520955 4923
762525634 4924
762525980 4925
762526201 4926
762534597 4927
762698149 4928
762745906 4929
762745957 4930
762836357 4931
762857726 4932
762857949 4933
762871258 4934
763086729 4935
763116783 4936
763116811 4937
763121116 4938
763186493 4939
763220810 4940
763448955 4941
763470548 4942
763470670 4943
763544185 4944
763807876 4945
763863652 4946
763884953 4947
763885580 4948
763889196 4949
763890535 4950
764131610 4951
764144161 4952
764144274 4953
764148834 4954
764153172 4955
764222141 4956
764412104 4957
764463233 4958
764480568 4959
764601633 4960
764601999 4961
764817475 4962
764817903 4963
764843860 4964
764895885 4965
764900186 4966
764904200 4967
764908178 4968
764947702 4969
765145895 4970
765244925 4971
765245188 4972
765271846 4973
765297666 4974
765495592 4975
765504308 4976
765517214 4977
765564814 4978
765590602 4979
765611896 4980
765823131 4981
765828288 4982
765840695 4983
765858328 4984
765870889 4985
765927246 4986
765931172 4987
765970508 4988
766126400 4989
766186252 4990
766190829 4991
766255970 4992
766259612 4993
766281447 4994
766298734 4995
766303244 4996
766303415 4997
766317306 4998
766385551 4999
766505428 5000
766518785 5001
766587944 5002
766596941 5003
766635463 5004
766653726 5005
766657850 5006
766660682 5007
766838498 5008
766846796 5009
766863785 5010
766864238 5011
766898803 5012
766937594 5013
766958676 5014
766963432 5015
766972346 5016
766972501 5017
766972518 5018
766972529 5019
766976060 5020
766980905 5021
766994128 5022
766998635 5023
767217949 5024
767230880 5025
767291211 5026
767309009 5027
767313008 5028
767313151 5029
767317361 5030
767317461 5031
767321428 5032
767329844 5033
767330990 5034
767455273 5035
767473384 5036
767486231 5037
767541763 5038
767550563 5039
767615771 5040
767615925 5041
767641269 5042
767662994 5043
767903933 5044
767904550 5045
767964866 5046
767982148 5047
767995362 5048
767995425 5049
768000153 5050
768253675 5051
768301292 5052
768323661 5053
768336083 5054
768341026 5055
768349342 5056
768538968 5057
768590452 5058
768660226 5059
768664758 5060
768672317 5061
768673135 5062
768677562 5063
768677597 5064
768681180 5065
768695120 5066
768884949 5067
768932330 5068
768935840 5069
768983660 5070
768988114 5071
768992478 5072
769000432 5073
769000618 5074
769000814 5075
769018494 5076
769022355 5077
769026574 5078
769031416 5079
769039805 5080
769039951 5081
769043623 5082
769048155 5083
769195048 5084
769199010 5085
769263962 5086
769264367 5087
769268002 5088
769277177 5089
769350533 5090
769355285 5091
769377106 5092
769553073 5093
769592464 5094
769670101 5095
769682628 5096
769691157 5097
769718055 5098
769924974 5099
769937253 5100
769942289 5101
770036920 5102
770041705 5103
770054370 5104
770249286 5105
770374368 5106
770390693 5107
770395472 5108
770594290 5109
770952011 5110
789130596 5111
789398359 5112
789726348 5113
790405385 5114
790417325 5115
790417660 5116
790520994 5117
790641825 5118
790741191 5119
790741674 5120
790745816 5121
790754734 5122
790982851 5123
791043906 5124
791090597 5125
791177986 5126
791371842 5127
791384849 5128
791406204 5129
791427589 5130
791457874 5131
791501536 5132
791505612 5133
791527493 5134
792062042 5135
792100709 5136
792113805 5137
792113994 5138
792174783 5139
792175182 5140
792191979 5141
792205464 5142
792222455 5143
792230503 5144
792450754 5145
792511506 5146
792515974 5147
792537736 5148
792538051 5149
792562856 5150
792562984 5151
792692885 5152
792800570 5153
792891477 5154
792908892 5155
793115804 5156
793128475 5157
793223024 5158
793448088 5159
793590678 5160
793595621 5161
793728667 5162
793797279 5163
793815358 5164
793879702 5165
793892682 5166
793901460 5167
793905507 5168
794088227 5169
794225197 5170
794246765 5171
794256078 5172
794277305 5173
794406234 5174
794462286 5175
794466376 5176
794505891 5177
794565759 5178
794574805 5179
794591963 5180
794596287 5181
794829195 5182
794837606 5183
794919689 5184
794919972 5185
794920152 5186
794945765 5187
794945885 5188
794946803 5189
794967711 5190
795187525 5191
795200864 5192
795541800 5193
795546494 5194
795602549 5195
795606987 5196
795627767 5197
795641312 5198
795814655 5199
795826923 5200
795874440 5201
795939076 5202
795939275 5203
795943400 5204
795943633 5205
795943772 5206
795982617 5207
795982766 5208
796193592 5209
796210710 5210
796232909 5211
796284465 5212
796288875 5213
796301840 5214
796333035 5215
796393522 5216
796543393 5217
796551956 5218
796599303 5219
796616551 5220
796617009 5221
796621138 5222
796625430 5223
796651131 5224
796755936 5225
796889169 5226
796936455 5227
796940742 5228
796940968 5229
796953925 5230
796978752 5231
796992363 5232
797014340 5233
797194962 5234
797203742 5235
797216612 5236
797224871 5237
797255293 5238
797277919 5239
797281464 5240
797282094 5241
797307551 5242
797346466 5243
797350890 5244
797355185 5245
797545148 5246
797553943 5247
797557514 5248
797558130 5249
797562316 5250
797597156 5251
797643990 5252
797644437 5253
797661937 5254
797661983 5255
797928830 5256
797929520 5257
797929588 5258
797981213 5259
797989902 5260
798002859 5261
798253492 5262
798322393 5263
798352235 5264
798356481 5265
798593797 5266
798663548 5267
798667256 5268
798684461 5269
798693540 5270
798849134 5271
798935342 5272
798939240 5273
799263200 5274
799272106 5275
799362484 5276
799384037 5277
799521639 5278
799578347 5279
799583417 5280
799586652 5281
799613077 5282
799634618 5283
799686186 5284
799708105 5285
799721287 5286
799725558 5287
799868224 5288
799919294 5289
799945378 5290
799949394 5291
800018427 5292
800065698 5293
800212579 5294
800212976 5295
800233950 5296
800238269 5297
800264315 5298
800303089 5299
800312353 5300
800368659 5301
800373114 5302
800390041 5303
800390351 5304
800416654 5305
800579638 5306
800588608 5307
800618162 5308
800622401 5309
800704780 5310
800743420 5311
800752612 5312
800925392 5313
800937779 5314
800950514 5315
800964211 5316
801045754 5317
801049879 5318
801063995 5319
801068349 5320
801068371 5321
801085137 5322
801093476 5323
801094159 5324
801098079 5325
801257348 5326
801279493 5327
801283077 5328
801391062 5329
801399904 5330
801404375 5331
801404810 5332
801421084 5333
801421689 5334
801434469 5335
801434494 5336
801671616 5337
801745385 5338
801762539 5339
801970070 5340
817044778 5341
817678848 5342
818123597 5343
819725372 5344
820800405 5345
820856412 5346
821418392 5347
821444004 5348
821552280 5349
821686394 5350
821703262 5351
821728921 5352
821729208 5353
821729315 5354
821729349 5355
821729374 5356
821780859 5357
822078542 5358
822099901 5359
822376419 5360
822380754 5361
822428009 5362
822461999 5363
822505389 5364
822526922 5365
822531203 5366
822531456 5367
822531747 5368
822557984 5369
822558433 5370
822562470 5371
822833681 5372
822863807 5373
822907387 5374
822911647 5375
823015627 5376
823058891 5377
823144842 5378
823209397 5379
823562933 5380
823580438 5381
823590011 5382
823597871 5383
823852745 5384
823879266 5385
823913632 5386
823917726 5387
824115747 5388
824128501 5389
824154920 5390
824245550 5391
824254298 5392
824263198 5393
824275830 5394
824279766 5395
824349873 5396
824436554 5397
824457714 5398
824470535 5399
824565895 5400
824591345 5401
824823498 5402
824823860 5403
824935863 5404
824940802 5405
824957718 5406
825182392 5407
825186389 5408
825277806 5409
825278007 5410
825294962 5411
825489724 5412
825518758 5413
825618641 5414
825618697 5415
825644302 5416
825648763 5417
825821898 5418
825822254 5419
825968875 5420
825989433 5421
825993580 5422
826002982 5423
826136822 5424
826567700 5425
826615735 5426
826646173 5427
826659627 5428
826663057 5429
826676539 5430
826844892 5431
826857417 5432
826952354 5433
826957102 5434
826996484 5435
827016935 5436
827198933 5437
827207454 5438
827293497 5439
827323331 5440
827362431 5441
827367235 5442
827526960 5443
827673856 5444
827707625 5445
827707931 5446
827889434 5447
827889523 5448
827889874 5449
827893839 5450
827911067 5451
828027702 5452
828048452 5453
828048629 5454
828048709 5455
828234642 5456
828282250 5457
828316115 5458
828316308 5459
828316322 5460
828316734 5461
828338171 5462
828359246 5463
828389586 5464
828592924 5465
828592967 5466
828597380 5467
828627440 5468
828631166 5469
828658121 5470
828658169 5471
828662384 5472
828683848 5473
828696781 5474
828705781 5475
828929097 5476
828929800 5477
828934059 5478
828955389 5479
828963747 5480
829020447 5481
829024965 5482
829050526 5483
829059301 5484
829261936 5485
829279239 5486
829300772 5487
829365719 5488
829375020 5489
829379400 5490
829542849 5491
829636950 5492
829645793 5493
829680630 5494
829693574 5495
829697614 5496
829706709 5497
829720294 5498
829745114 5499
830034406 5500
830039315 5501
830078762 5502
830301923 5503
830306703 5504
830384451 5505
830634936 5506
830665034 5507
830708362 5508
830734617 5509
830950541 5510
830979737 5511
831057494 5512
831106059 5513
831291329 5514
831295271 5515
831321033 5516
831325065 5517
831390608 5518
831394580 5519
831451599 5520
831955277 5521
832007501 5522
832011303 5523
832012249 5524
832016427 5525
832081349 5526
832084952 5527
832106319 5528
832106535 5529
832107249 5530
832111288 5531
832115145 5532
832115686 5533
832128886 5534
832132667 5535
832132810 5536
832133283 5537
832301110 5538
832357089 5539
832434880 5540
832456945 5541
832465975 5542
832473680 5543
832474071 5544
832646151 5545
832780447 5546
832788806 5547
832789228 5548
833017692 5549
833025924 5550
833030138 5551
833043564 5552
833125833 5553
850181951 5554
851110676 5555
851114700 5556
852422640 5557
852479643 5558
852763122 5559
852820285 5560
852897751 5561
853173648 5562
853233727 5563
853238466 5564
853251627 5565
853428443 5566
853437941 5567
853514696 5568
853920936 5569
853946023 5570
853951730 5571
853967794 5572
854611780 5573
854636911 5574
854861445 5575
854883067 5576
854953009 5577
855147657 5578
855181776 5579
855211157 5580
855280669 5581
855306932 5582
855314682 5583
855493136 5584
855625712 5585
855630800 5586
855634717 5587
855638407 5588
855643104 5589
855647099 5590
855984850 5591
855988318 5592
856282066 5593
856290796 5594
856549718 5595
856662382 5596
856662567 5597
856666448 5598
856670426 5599
856678883 5600
856886459 5601
857007332 5602
857235574 5603
857348706 5604
857538779 5605
857650508 5606
857690129 5607
857710468 5608
857715717 5609
857918602 5610
858047578 5611
858453703 5612
858587718 5613
858604252 5614
858604499 5615
858608636 5616
858730688 5617
858738615 5618
858742883 5619
858906840 5620
858907062 5621
858928511 5622
858933153 5623
858954422 5624
858966744 5625
859010379 5626
859061820 5627
859062721 5628
859083245 5629
859265651 5630
859269754 5631
859269976 5632
859277690 5633
859277955 5634
859377417 5635
859381489 5636
859554255 5637
859619198 5638
859665971 5639
859666136 5640
859688555 5641
859714144 5642
859735285 5643
859736554 5644
859977121 5645
860063977 5646
860102547 5647
860305498 5648
860314660 5649
860318176 5650
860374727 5651
860395984 5652
860655248 5653
861005020 5654
861061095 5655
861065482 5656
861073717 5657
861078616 5658
861090896 5659
861251038 5660
861251506 5661
861251942 5662
861341500 5663
861372060 5664
861393747 5665
861410430 5666
861423391 5667
861583205 5668
861665641 5669
861708626 5670
861769826 5671
862010850 5672
862014446 5673
862023125 5674
862036858 5675
862053324 5676
862132054 5677
862278897 5678
862386599 5679
862456182 5680
862671913 5681
862697175 5682
862705302 5683
862705904 5684
862722715 5685
862782937 5686
862787861 5687
862804955 5688
863024591 5689
863059358 5690
863128563 5691
863146256 5692
863154484 5693
863163321 5694
863340110 5695
863460836 5696
863478837 5697
863496317 5698
863500820 5699
863504548 5700
863509468 5701
863509476 5702
863698974 5703
863711565 5704
863728315 5705
863728743 5706
863797996 5707
863815503 5708
863841737 5709
863841743 5710
863846041 5711
864048288 5712
864048361 5713
864048523 5714
864070221 5715
864073833 5716
864074389 5717
864082741 5718
864156049 5719
864159982 5720
864168698 5721
864168709 5722
864169621 5723
864385219 5724
864411332 5725
864738493 5726
881220948 5727
882239837 5728
882580620 5729
882922539 5730
883121695 5731
883177120 5732
883500704 5733
884123412 5734
884204783 5735
884269218 5736
884269255 5737
884273795 5738
884320493 5739
884484964 5740
884498779 5741
884619690 5742
884636075 5743
884661462 5744
884782757 5745
884921013 5746
884921015 5747
884951348 5748
884987441 5749
885253534 5750
885257938 5751
885262090 5752
885262118 5753
885262311 5754
885313468 5755
885331859 5756
885603106 5757
885685726 5758
885952243 5759
885996122 5760
886259327 5761
886328403 5762
886337208 5763
886342108 5764
886552797 5765
886643729 5766
886682742 5767
887015314 5768
887032638 5769
887036001 5770
887230673 5771
887247648 5772
887278376 5773
887373885 5774
887377287 5775
887588829 5776
887640858 5777
887713781 5778
887921032 5779
888146447 5780
888391573 5781
888413653 5782
888577052 5783
888577071 5784
888706882 5785
888935605 5786
888978890 5787
889410725 5788
889414490 5789
889414782 5790
889863729 5791
889975909 5792
889993487 5793
890092483 5794
890197225 5795
890287086 5796
890352070 5797
890425079 5798
890446875 5799
890619489 5800
890671753 5801
890709439 5802
890801251 5803
891111303 5804
891349160 5805
891409875 5806
891474688 5807
891663788 5808
891689909 5809
891771553 5810
892109219 5811
892376241 5812
892376440 5813
892376720 5814
892385258 5815
892398461 5816
892722090 5817
892794705 5818
892997744 5819
893080047 5820
893119574 5821
893136529 5822
893136905 5823
893140673 5824
893148998 5825
893149866 5826
893158171 5827
893338771 5828
893421054 5829
893451279 5830
893460787 5831
893481760 5832
893490555 5833
893495648 5834
893515939 5835
893520661 5836
893524895 5837
893710296 5838
893723183 5839
893741163 5840
893754136 5841
893835506 5842
893858151 5843
893861139 5844
894020730 5845
894043329 5846
894103422 5847
894163829 5848
894168625 5849
894172798 5850
894362173 5851
894380152 5852
894422413 5853
894436174 5854
894500674 5855
894518335 5856
894534421 5857
894539810 5858
894539977 5859
894543328 5860
894543691 5861
894551935 5862
894702888 5863
894707517 5864
894724798 5865
894849965 5866
894859140 5867
894867675 5868
895091952 5869
895100374 5870
895186781 5871
895441451 5872
895535909 5873
895778605 5874
895791663 5875
908728886 5876
910451489 5877
911569552 5878
912583959 5879
912951014 5880
913681721 5881
913810052 5882
913810960 5883
914298735 5884
914466864 5885
914665176 5886
914778159 5887
914846465 5888
914850280 5889
914958963 5890
914972076 5891
915188031 5892
915273417 5893
915299337 5894
915503330 5895
915520244 5896
915605802 5897
915605943 5898
915610561 5899
915615021 5900
915619240 5901
915623395 5902
915627746 5903
915913039 5904
915946994 5905
915951309 5906
915951605 5907
915960293 5908
915960391 5909
915964748 5910
915981352 5911
916020704 5912
916029180 5913
916029571 5914
916038365 5915
916228169 5916
916288408 5917
916296656 5918
916296860 5919
916318415 5920
916330980 5921
916361342 5922
916370662 5923
916456567 5924
916543308 5925
916569113 5926
916629686 5927
916637896 5928
916646779 5929
916655865 5930
916672636 5931
916716867 5932
917048213 5933
917298286 5934
917363145 5935
917386177 5936
917643796 5937
917691380 5938
917708225 5939
917712623 5940
917727045 5941
917730988 5942
917919724 5943
918213141 5944
918390410 5945
918624025 5946
918722597 5947
918969339 5948
919064169 5949
919168397 5950
919448450 5951
919624822 5952
919672588 5953
919763043 5954
920057227 5955
920091866 5956
920108605 5957
920131057 5958
920358918 5959
920359102 5960
920470959 5961
920652764 5962
920657321 5963
920665877 5964
920708433 5965
920738998 5966
920799316 5967
920808836 5968
920869856 5969
920873167 5970
920951427 5971
920994088 5972
920994194 5973
921015336 5974
921015773 5975
921084944 5976
921115029 5977
921132358 5978
921421188 5979
921438848 5980
921456248 5981
921456312 5982
921667198 5983
921684387 5984
921702155 5985
921757789 5986
921814579 5987
922012309 5988
922064306 5989
922069357 5990
922073305 5991
922129431 5992
922138567 5993
922146751 5994
922302296 5995
922465929 5996
922470400 5997
922470780 5998
922496175 5999
922595498 6000
922643119 6001
922733254 6002
922798477 6003
922810839 6004
922815552 6005
922992588 6006
923027316 6007
923131004 6008
923415956 6009
923437549 6010
923752335 6011
923761285 6012
923787513 6013
923809011 6014
923865337 6015
924049792 6016
924054815 6017
924144953 6018
924179420 6019
924180033 6020
924184557 6021
924429714 6022
924521176 6023
924737391 6024
924788221 6025
924827385 6026
924879750 6027
925052149 6028
925077617 6029
925090871 6030
925181216 6031
925228998 6032
925241334 6033
925465972 6034
925540019 6035
925548084 6036
925583495 6037
925587143 6038
925789667 6039
925799233 6040
925803065 6041
925811326 6042
925824977 6043
925876806 6044
925880305 6045
925881054 6046
925885189 6047
925885748 6048
926226708 6049
926226796 6050
926238920 6051
926247591 6052
926490072 6053
926575664 6054
926584037 6055
940791248 6056
944344030 6057
945354221 6058
945643469 6059
945894581 6060
945928585 6061
946045327 6062
946274518 6063
946300206 6064
946300310 6065
946308462 6066
946339109 6067
946348088 6068
946619892 6069
946684931 6070
946689457 6071
946722969 6072
946990515 6073
947003647 6074
947029413 6075
947357688 6076
947391929 6077
947573616 6078
947582284 6079
947681334 6080
947681560 6081
947681574 6082
947685488 6083
947685653 6084
947743009 6085
947754897 6086
947858895 6087
947862945 6088
947898091 6089
947940970 6090
948260484 6091
948363764 6092
948626958 6093
948648575 6094
948752269 6095
948851462 6096
948997964 6097
949313055 6098
949347931 6099
950003666 6100
950102865 6101
950349500 6102
950423070 6103
950591319 6104
950659823 6105
950751324 6106
950768550 6107
951052932 6108
951126955 6109
951165633 6110
951381283 6111
951398596 6112
951446091 6113
951645198 6114
951670988 6115
951727279 6116
951738965 6117
951808062 6118
951813855 6119
951830641 6120
951842874 6121
952046042 6122
952059284 6123
952154184 6124
952158785 6125
952158884 6126
952166744 6127
952166828 6128
952327382 6129
952374245 6130
952525648 6131
952711642 6132
952723817 6133
952724101 6134
952736870 6135
952805573 6136
952836562 6137
953013850 6138
953039761 6139
953103667 6140
953210984 6141
953410147 6142
953414780 6143
953496510 6144
953514002 6145
953755666 6146
953764033 6147
953855039 6148
954126293 6149
954187572 6150
954222134 6151
954705691 6152
954909042 6153
955464899 6154
955482642 6155
955888209 6156
955923194 6157
956126012 6158
956173448 6159
956207110 6160
956212778 6161
956228678 6162
956233435 6163
956259423 6164
956398176 6165
956518968 6166
956519212 6167
956575157 6168
956575249 6169
956799330 6170
956799414 6171
956820619 6172
956820684 6173
956954587 6174
957136611 6175
957157217 6176
957162037 6177
957278739 6178
957283070 6179
957287330 6180
957287332 6181
957287426 6182
957287511 6183
957290989 6184
957485415 6185
957490056 6186
957606517 6187
957606940 6188
957856547 6189
958197533 6190
974456295 6191
975197713 6192
976260443 6193
976730002 6194
976934253 6195
976964834 6196
976994022 6197
977002560 6198
977002744 6199
977006924 6200
977046327 6201
977335062 6202
977335129 6203
977338882 6204
977339122 6205
977339225 6206
977339390 6207
977352235 6208
977378756 6209
977413163 6210
977420970 6211
977598865 6212
977697611 6213
977736804 6214
978056035 6215
978065606 6216
978068779 6217
978345784 6218
978366493 6219
978410087 6220
978427303 6221
978681977 6222
978686129 6223
978747045 6224
978971398 6225
979001183 6226
979052812 6227
979066072 6228
979087210 6229
979368408 6230
979436792 6231
979773722 6232
980089353 6233
980123888 6234
980684732 6235
980697872 6236
980978890 6237
980982986 6238
981000564 6239
981129593 6240
981142231 6241
981146431 6242
981333558 6243
981466637 6244
982070626 6245
982079951 6246
982148129 6247
982148245 6248
982157498 6249
982157755 6250
982389963 6251
982416230 6252
982489688 6253
982494035 6254
982537811 6255
982540894 6256
982718586 6257
982722899 6258
982835208 6259
982856062 6260
982865736 6261
982865952 6262
983063787 6263
983067799 6264
983093876 6265
983106431 6266
983158533 6267
983180483 6268
983193348 6269
983202377 6270
983426636 6271
983430664 6272
983460640 6273
983517089 6274
983522047 6275
983529474 6276
983534555 6277
983750516 6278
983759126 6279
983767417 6280
983767602 6281
983771898 6282
983771927 6283
983887956 6284
983888897 6285
983905050 6286
984203727 6287
984536209 6288
984799284 6289
984799376 6290
984833702 6291
984894165 6292
985481222 6293
985481565 6294
985485221 6295
985510931 6296
985805061 6297
985813153 6298
985822469 6299
985839488 6300
986089634 6301
986094132 6302
986098785 6303
986180442 6304
986585920 6305
986621628 6306
986828383 6307
986879849 6308
986896832 6309
986918760 6310
986957802 6311
986974738 6312
987117151 6313
987190785 6314
987242778 6315
987255717 6316
987272562 6317
987273073 6318
987273251 6319
987601353 6320
987618620 6321
987623162 6322
987640747 6323
987833765 6324
987834099 6325
987842109 6326
987877232 6327
987924718 6328
987924867 6329
987942060 6330
987976341 6331
987976403 6332
987997896 6333
988269593 6334
988291460 6335
988567837 6336
988632865 6337
988653659 6338
988654188 6339
988905105 6340
988909130 6341
989224451 6342
989228019 6343
