1001453586 1
1003474104 2
1003474283 3
1003478461 4
1003504512 5
1003837184 6
1004514584 7
1004514714 8
1004527604 9
1004527691 10
1004527700 11
1005179264 12
1005179377 13
1005520576 14
1006258344 15
1006936257 16
1011184205 17
1015143077 18
1016114585 19
1016118449 20
1016118651 21
1016122913 22
1016123127 23
1016166622 24
1016192580 25
1016459595 26
1016805008 27
1016835041 28
1016839809 29
1017547830 30
1017819398 31
1017992752 32
1018164997 33
1018510191 34
1018545595 35
1018550022 36
1018899361 37
1034198388 38
1035557785 39
1035562328 40
1036559440 41
1036559490 42
1036563762 43
1037293275 44
1045832508 45
1046812283 46
1046816660 47
1047153433 48
1047157746 49
1047157958 50
1047183897 51
1047489962 52
1047525093 53
1047835635 54
1048004460 55
1048172314 56
1048180932 57
1048207713 58
1048215779 59
1048517845 60
1048854479 61
1049549402 62
1049549412 63
1049946735 64
1050249677 65
1050585709 66
1051630846 67
1064891781 68
1066234564 69
1067598881 70
1068272038 71
1068276312 72
1068613227 73
1068613231 74
1068613282 75
1068617431 76
1068954342 77
1068954391 78
1068958593 79
1068958652 80
1069295816 81
1069295830 82
1070613107 83
1070646938 84
1077847238 85
1077851524 86
1077851551 87
1078007730 88
1078525257 89
1078534091 90
1078534115 91
1078572735 92
1078693835 93
1078874826 94
1078875017 95
1079215685 96
1079707882 97
1080566792 98
1080579786 99
1080579985 100
1080580151 101
1081086613 102
1081434698 103
1081767446 104
1096894260 105
1096919756 106
1097265345 107
1097623778 108
1100675450 109
1100675497 110
1101012503 111
1101353948 112
1108541296 113
1108545472 114
1108545599 115
1109223365 116
1109568528 117
1109568718 118
1109957857 119
1110298200 120
1110307501 121
1110640084 122
1110937445 123
1110972158 124
1110985490 125
1110997994 126
1111278454 127
1111615136 128
1111947403 129
1127604950 130
1128274593 131
1129306180 132
1129323248 133
1130687130 134
1131810172 135
1139265826 136
1139667240 137
1139724251 138
1139724263 139
1139921468 140
1139921865 141
1140603698 142
1140655376 143
1140655624 144
1140737968 145
1140738351 146
1140750808 147
1140950118 148
1140950144 149
1140996390 150
1141000881 151
1141006088 152
1141009503 153
1141009899 154
1141010036 155
1141268794 156
1141290695 157
1141290835 158
1141324564 159
1141328881 160
1141329053 161
1141329227 162
1141337518 163
1141337557 164
1141337605 165
1141337629 166
1141337663 167
1141337757 168
1141342260 169
1141342299 170
1141346217 171
1141346308 172
1141346462 173
1141346472 174
1141350537 175
1141630854 176
1141631198 177
1141631240 178
1141636055 179
1141636389 180
1141674495 181
1141678637 182
1141678665 183
1141678931 184
1141682748 185
1141687128 186
1141687352 187
1141691881 188
1141692008 189
1141972158 190
1141972202 191
1141976953 192
1141977014 193
1141977071 194
1142011140 195
1142019737 196
1142019868 197
1142019878 198
1142024290 199
1142028710 200
1142356511 201
1142356576 202
1142360528 203
1142365351 204
1142658717 205
1142706421 206
1142994933 207
1143332046 208
1143340753 209
1143677310 210
1143686159 211
1161731111 212
1162063500 213
1164113870 214
1165465632 215
1169657925 216
1169661785 217
1169989698 218
1169989859 219
1169993905 220
1169999059 221
1170072753 222
1170076975 223
1170077088 224
1170077089 225
1170322501 226
1170326256 227
1170326295 228
1170335262 229
1170344185 230
1170348225 231
1170400248 232
1170404820 233
1170404875 234
1170408975 235
1170412847 236
1170413055 237
1170413092 238
1170413110 239
1170413179 240
1170413285 241
1170413293 242
1170413425 243
1170413431 244
1170417462 245
1170417467 246
1170417562 247
1170417693 248
1170417710 249
1170421984 250
1170606692 251
1170667130 252
1170749579 253
1170753442 254
1170753611 255
1170753858 256
1170753959 257
1170754031 258
1170757913 259
1170757967 260
1170758186 261
1170762668 262
1171095158 263
1171104028 264
1171280441 265
1171431567 266
1171436073 267
1171617407 268
1171621616 269
1171621682 270
1171690432 271
1171690479 272
1171704378 273
1171759765 274
1171772286 275
1171785552 276
1172031461 277
1172044382 278
1172053274 279
1172363878 280
1172372291 281
1172372382 282
1172372655 283
1172385513 284
1172433712 285
1172441674 286
1172446050 287
1172665846 288
1172670463 289
1172704683 290
1172713514 291
1172713521 292
1172730733 293
1172774470 294
1172796014 295
1173007139 296
1173011450 297
1173016042 298
1173045815 299
1173054679 300
1173063302 301
1173067651 302
1173072129 303
1173076392 304
1173076523 305
1173347968 306
1173391076 307
1173408617 308
1173417505 309
1173524747 310
1173732234 311
1173745220 312
1173745330 313
1173745411 314
1173753977 315
1173814525 316
1173866149 317
1174008477 318
1174077762 319
1174384118 320
1174410293 321
1174712037 322
1174716572 323
1175070762 324
1190340083 325
1191392918 326
1196854070 327
1200351169 328
1200351200 329
1200416059 330
1200416127 331
1200429271 332
1200683283 333
1200687716 334
1200687913 335
1200700424 336
1200743767 337
1200743811 338
1200743891 339
1200748287 340
1200748356 341
1200752926 342
1200753056 343
1200753147 344
1200753289 345
1200757630 346
1200757686 347
1200770728 348
1201028519 349
1201032707 350
1201084940 351
1201084988 352
1201085147 353
1201085163 354
1201089476 355
1201093707 356
1201093753 357
1201093782 358
1201102301 359
1201792863 360
1202060409 361
1202125326 362
1202397143 363
1202410042 364
1202462198 365
1202470836 366
1202673723 367
1202737975 368
1203066201 369
1203066222 370
1203066401 371
1203070528 372
1203420037 373
1203424360 374
1203433388 375
1203696415 376
1203709763 377
1203756972 378
1203769621 379
1203769862 380
1203774485 381
1203774508 382
1203779116 383
1203783013 384
1204076441 385
1204124270 386
1204124281 387
1204175835 388
1204391417 389
1204443547 390
1204447548 391
1204547624 392
1204775735 393
1204784216 394
1204875505 395
1205090786 396
1205225146 397
1206114100 398
1223796442 399
1224137476 400
1224137495 401
1230267764 402
1231299343 403
1231441917 404
1231442049 405
1231442285 406
1231446153 407
1231446378 408
1231446411 409
1231450750 410
1231454981 411
1231459229 412
1231718414 413
1231735257 414
1231744096 415
1231774505 416
1231778487 417
1231778565 418
1231778692 419
1231778910 420
1231783149 421
1231787352 422
1231795989 423
1232115209 424
1232141286 425
1232145434 426
1232456585 427
1232654731 428
1233428010 429
1233436396 430
1233436426 431
1233436479 432
1233501275 433
1233505806 434
1233703950 435
1233773217 436
1234226967 437
1234227156 438
1234386037 439
1234472633 440
1234481054 441
1234567424 442
1234571701 443
1234571727 444
1234571750 445
1234731487 446
1234800242 447
1234809285 448
1234904294 449
1234912664 450
1235115629 451
1235150293 452
1236073998 453
1236816635 454
1237814053 455
1255297788 456
1261989183 457
1262412229 458
1262424913 459
1262472724 460
1262476815 461
1262476941 462
1262476984 463
1262477136 464
1262485643 465
1262485663 466
1262485704 467
1262485710 468
1262485726 469
1262485740 470
1262493935 471
1262494221 472
1262494423 473
1262498815 474
1262744824 475
1262817992 476
1262822280 477
1262830956 478
1263098627 479
1263115934 480
1263150527 481
1263154785 482
1263163270 483
1263491233 484
1263832477 485
1264186300 486
1265157632 487
1265261256 488
1265261328 489
1265261373 490
1265261383 491
1265265561 492
1265852784 493
1266478519 494
1266832645 495
1266871604 496
1267164975 497
1267868586 498
1268861712 499
1292367728 500
1293451424 501
1293507152 502
1293507235 503
1293507425 504
1293507452 505
1293507539 506
1293511697 507
1293511727 508
1293511728 509
1293516024 510
1293516188 511
1293524783 512
1293524890 513
1293839626 514
1293843986 515
1293844182 516
1293844325 517
1293848553 518
1293852898 519
1293852908 520
1293878803 521
1293878882 522
1294185362 523
1294206758 524
1294465669 525
1294534661 526
1295225451 527
1295501882 528
1295566429 529
1295847315 530
1295855722 531
1295955716 532
1296291825 533
1296300525 534
1297202769 535
1297556652 536
1297815807 537
1313496027 538
1322353714 539
1322353824 540
1324222950 541
1324542324 542
1324546987 543
1324551005 544
1324555342 545
1324559671 546
1324563972 547
1324564234 548
1324844582 549
1324904932 550
1325245970 551
1325250418 552
1326264840 553
1326813363 554
1327494939 555
1327831724 556
1327831994 557
1328505485 558
1328513713 559
1328518365 560
1328522741 561
1330275332 562
1344811248 563
1352077058 564
1354411526 565
1354752603 566
1357321396 567
1357848386 568
1357999210 569
1358158733 570
1359212271 571
1359553384 572
1376203864 573
1387497141 574
1387575003 575
1387583729 576
1387583807 577
1388002375 578
1388585088 579
1389189176 580
1390618359 581
1390942076 582
1390946364 583
1392655948 584
1418273110 585
1418351262 586
1418618235 587
1419019956 588
1420306364 589
1420651734 590
1420966843 591
1421666260 592
1442819296 593
1449662010 594
1449670372 595
1450011431 596
1450581687 597
1450663446 598
1451341240 599
1451695303 600
1452001679 601
1481383029 602
1481383373 603
1512081419 604
1513687200 605
1515418525 606
1536947502 607
1573792824 608
1609542060 609
1629383757 610
1630051981 611
1639234609 612
1639243580 613
1640594274 614
1664178250 615
1670265016 616
1670934213 617
1685555983 618
1692817033 619
1693154060 620
1693486219 621
1700937093 622
1700946301 623
1703683361 624
1727979406 625
1733677514 626
1734350788 627
1734350908 628
1734420152 629
1755556097 630
1756579280 631
1762704980 632
1764091241 633
1765040289 634
1765415970 635
1788300760 636
1793014716 637
1793351401 638
1796817841 639
1796818119 640
1797505019 641
1818307672 642
1820721562 643
1825085656 644
1827516355 645
1827861966 646
1828206773 647
1850706912 648
1850711304 649
1851061177 650
1851389175 651
1851393805 652
1857148391 653
1857825571 654
1858171399 655
1881751117 656
1882083076 657
1887163927 658
1887872301 659
1888213190 660
1888572074 661
1889253763 662
1889253785 663
1910886083 664
1912789965 665
1914140664 666
1914823337 667
1914823414 668
1917188956 669
1943811511 670
1943811736 671
1944507292 672
1946178096 673
1975878958 674
1977579449 675
1977916288 676
2010992546 677
2039273648 678
2064165421 679
2069648663 680
2124762952 681
2166133204 682
268725517 683
294161385 684
294436967 685
296199149 686
297230760 687
297251714 688
297908801 689
298258513 690
298595394 691
298612190 692
299613480 693
300968622 694
300972942 695
301309622 696
301314150 697
301314154 698
301314208 699
301318641 700
326119769 701
326817334 702
327499164 703
328253133 704
328533761 705
328546871 706
328861282 707
329435390 708
329566174 709
330268940 710
331662668 711
331662710 712
331662717 713
331999156 714
331999213 715
332003372 716
332003629 717
332003730 718
332003895 719
332003899 720
332007728 721
332008063 722
332008082 723
332340127 724
332340236 725
332344539 726
332344592 727
332344670 728
332344760 729
332344908 730
332349228 731
332349327 732
332353106 733
332353336 734
332353438 735
332353566 736
332685594 737
332685751 738
332685755 739
332689776 740
332690153 741
333030976 742
333031114 743
333035349 744
333039671 745
354775482 746
354779890 747
355086967 748
357146296 749
357515217 750
357932060 751
359586213 752
359598627 753
360284300 754
360941147 755
361376643 756
362041442 757
362689128 758
362693077 759
362693473 760
362697657 761
362701764 762
362701875 763
362701895 764
362701969 765
363029976 766
363030024 767
363030040 768
363034174 769
363034211 770
363034407 771
363034501 772
363038752 773
363038831 774
363042781 775
363047222 776
363370708 777
363370913 778
363371001 779
363375247 780
363375408 781
363375475 782
363379387 783
363384083 784
363384090 785
363384138 786
363387921 787
363716151 788
363716303 789
363716362 790
363724985 791
363724996 792
363725096 793
363725201 794
363725228 795
363729312 796
363729314 797
363733406 798
364061776 799
364066029 800
364070309 801
364070517 802
364407023 803
364411143 804
385132611 805
385158577 806
387870860 807
388629465 808
391716661 809
392368893 810
393383025 811
393387426 812
393404592 813
393736822 814
393766777 815
394060556 816
394060620 817
394064790 818
394069210 819
394073547 820
394077610 821
394081878 822
394397189 823
394401778 824
394414724 825
394414783 826
394418743 827
394427392 828
394755376 829
394755632 830
394755645 831
394755742 832
394755782 833
394759626 834
394759837 835
394764082 836
394768379 837
395105113 838
415494049 839
415511327 840
415826533 841
415835070 842
415835178 843
415848195 844
415848228 845
415852518 846
415908516 847
416189410 848
416189500 849
416508862 850
416837168 851
417558532 852
421641859 853
422682603 854
422725634 855
423382015 856
424716408 857
424754530 858
424767514 859
424776680 860
424780893 861
424789697 862
425086839 863
425086851 864
425104113 865
425104178 866
425104216 867
425112506 868
425126008 869
425276848 870
425431837 871
425436170 872
425445301 873
425768768 874
425768822 875
426139965 876
426140035 877
426464004 878
426477089 879
426818061 880
446533552 881
446826981 882
446848967 883
446883390 884
447219992 885
447224575 886
448204394 887
448342846 888
448942604 889
449241371 890
449948630 891
450617762 892
452971138 893
453380528 894
454252960 895
455155337 896
455159380 897
455431209 898
455793621 899
455793743 900
455793827 901
455811760 902
456121649 903
456134692 904
456174330 905
456458549 906
456462835 907
456462919 908
456467162 909
456523994 910
456808311 911
456820863 912
456846996 913
457175171 914
457196643 915
457507485 916
476545134 917
477179700 918
477262101 919
477572961 920
477861840 921
477896729 922
477900945 923
477900959 924
477909602 925
477909679 926
477909698 927
478250407 928
478250482 929
478613576 930
478660968 931
479935033 932
479969106 933
480310599 934
480590566 935
482762280 936
484130600 937
484735678 938
484911954 939
486815976 940
486837442 941
486880919 942
487144598 943
487160828 944
487187476 945
487191669 946
487489028 947
487489064 948
487493197 949
487501700 950
487834111 951
487834131 952
487834179 953
487847296 954
487899562 955
488179585 956
488179878 957
488184014 958
488188560 959
488205572 960
488322846 961
488520820 962
488533722 963
488559952 964
488572496 965
488581156 966
507243409 967
507260559 968
507592981 969
508292573 970
508599181 971
508599194 972
508599211 973
508599271 974
508599276 975
508616471 976
508897030 977
508918609 978
508935964 979
508939879 980
508939914 981
508940291 982
508940292 983
508949033 984
509013752 985
509264220 986
509695478 987
509700197 988
511271574 989
512765910 990
513451621 991
514068564 992
515813661 993
516055524 994
516844782 995
517207902 996
517506265 997
517510393 998
517514142 999
517518166 1000
517699705 1001
517838849 1002
517847127 1003
517850316 1004
517854468 1005
517858947 1006
517871837 1007
518183562 1008
518187118 1009
518191547 1010
518195738 1011
518212987 1012
518217691 1013
518528152 1014
518532490 1015
518864844 1016
518864924 1017
518869381 1018
518869459 1019
518873469 1020
518873604 1021
518882016 1022
518930199 1023
519206240 1024
519210172 1025
519214622 1026
519214895 1027
519218919 1028
519223027 1029
519223428 1030
519232054 1031
519555690 1032
519564501 1033
519573099 1034
519573128 1035
519900699 1036
519905418 1037
520380132 1038
537945877 1039
538282782 1040
538308362 1041
538602138 1042
538653955 1043
538908474 1044
538951958 1045
539249493 1046
539586554 1047
539949478 1048
539949536 1049
539975118 1050
539975122 1051
539983731 1052
540389646 1053
540389734 1054
540730639 1055
540730657 1056
540730738 1057
541697718 1058
542371432 1059
542634818 1060
544021095 1061
544037996 1062
547240545 1063
548203966 1064
548549000 1065
548549395 1066
548552875 1067
548552915 1068
548553386 1069
548553494 1070
548872750 1071
548878145 1072
548885313 1073
548885407 1074
548889938 1075
548894251 1076
548898403 1077
548898520 1078
549158040 1079
549161688 1080
549219101 1081
549222167 1082
549226277 1083
549230949 1084
549248200 1085
549567614 1086
549571627 1087
549571739 1088
549572017 1089
549576117 1090
549576424 1091
549597974 1092
549610772 1093
549899821 1094
549904227 1095
549904387 1096
549908737 1097
549916869 1098
549917317 1099
549955973 1100
550081666 1101
550245056 1102
550271272 1103
550275987 1104
550408954 1105
550598935 1106
550599514 1107
550944744 1108
551113395 1109
551445253 1110
551790504 1111
551790913 1112
568635279 1113
569002579 1114
569278689 1115
569313277 1116
569317846 1117
569334986 1118
569615641 1119
569650323 1120
569939107 1121
569943419 1122
569952299 1123
569999973 1124
570288900 1125
570314896 1126
570327880 1127
570336412 1128
570336487 1129
570643102 1130
570643109 1131
570643135 1132
570643193 1133
570647225 1134
570647366 1135
570647526 1136
570742510 1137
570742527 1138
570742599 1139
570997147 1140
571044587 1141
571424323 1142
571424636 1143
571424650 1144
571424748 1145
571666400 1146
571778381 1147
571778433 1148
573065577 1149
573333284 1150
573333835 1151
573670049 1152
574032862 1153
574037266 1154
574037281 1155
574037479 1156
574374051 1157
574377562 1158
574377845 1159
574688051 1160
576825965 1161
577205852 1162
577554935 1163
578694777 1164
578893446 1165
579234980 1166
579576294 1167
579583329 1168
579587796 1169
579592279 1170
579592619 1171
579596940 1172
579912201 1173
579916831 1174
579924731 1175
579928928 1176
580317662 1177
580598373 1178
580610916 1179
580611301 1180
580732172 1181
580934661 1182
580947602 1183
580951922 1184
581293182 1185
5812978878 1186
5812979015 1187
5812979016 1188
5812979026 1189
5812979069 1190
5812979119 1191
5812979121 1192
5812979128 1193
5812979133 1194
5812979156 1195
5812979168 1196
5812979170 1197
5812979172 1198
5812979175 1199
5812979176 1200
5812979177 1201
5812979187 1202
5812979188 1203
5812979191 1204
5812979196 1205
5812979197 1206
5812979222 1207
5812979254 1208
5812979271 1209
5812979282 1210
5812979284 1211
5812979287 1212
5812979289 1213
5812979291 1214
5812979292 1215
5812979294 1216
5812979296 1217
5812979298 1218
5812979299 1219
5812979301 1220
5812979306 1221
5812979307 1222
5812979308 1223
5812979309 1224
5812979311 1225
5812979312 1226
5812979314 1227
5812979326 1228
5812979371 1229
5812979408 1230
5812979494 1231
5812979502 1232
5812979531 1233
5812979532 1234
5812979558 1235
5812979560 1236
5812979616 1237
5812979619 1238
5812979634 1239
5812979635 1240
5812979639 1241
5812979667 1242
5812979693 1243
5812980179 1244
5812980192 1245
5812980207 1246
5812980209 1247
5812980212 1248
5812980219 1249
5812980220 1250
5812980222 1251
5812980351 1252
5812980369 1253
5812980370 1254
5812980376 1255
5812980378 1256
5812980379 1257
5812980386 1258
5812980393 1259
5812980395 1260
5812980397 1261
5812980398 1262
5812980404 1263
5812980408 1264
5812980410 1265
5812980414 1266
5812980425 1267
5812980426 1268
5812980428 1269
5812980432 1270
5812980438 1271
5812980444 1272
5812980446 1273
5812980448 1274
5812980520 1275
5812980537 1276
5812980555 1277
5812980557 1278
5812980561 1279
5812980566 1280
5812980567 1281
5812980569 1282
5812980579 1283
5812980580 1284
5812980588 1285
5812980590 1286
5812980593 1287
5812980594 1288
5812980597 1289
5812980599 1290
5812980600 1291
5812980611 1292
5812980615 1293
5812980618 1294
5812980624 1295
5812980638 1296
5812980662 1297
5812980746 1298
5812980768 1299
5812980787 1300
5812980792 1301
5812980796 1302
5812980798 1303
5812980799 1304
5812980802 1305
5812980803 1306
5812980806 1307
5812980811 1308
5812980813 1309
5812980884 1310
5812980892 1311
5812980931 1312
5812980934 1313
5812980938 1314
5812980940 1315
5812980944 1316
5812980947 1317
5812980965 1318
5812980973 1319
5812980977 1320
5812980992 1321
5812981038 1322
5812981039 1323
5812981042 1324
5812981046 1325
5812981068 1326
5812981071 1327
5812981072 1328
5812981086 1329
5812981104 1330
5812981106 1331
5812981109 1332
5812981127 1333
5812981136 1334
5812981141 1335
5812981142 1336
5812981148 1337
5812981153 1338
5812981154 1339
5812981160 1340
5812981164 1341
5812981227 1342
5812981270 1343
5812981274 1344
5812981275 1345
5812981277 1346
5812981279 1347
5812981290 1348
5812981308 1349
5812981318 1350
5812981320 1351
5812981322 1352
5812981327 1353
5812981332 1354
5812981333 1355
5812981339 1356
5812981340 1357
5812981341 1358
5812981348 1359
5812981356 1360
5812981357 1361
5812981359 1362
5812981361 1363
5812981363 1364
5812981364 1365
5812981365 1366
5812981373 1367
5812981379 1368
5812981381 1369
5812981390 1370
5812981399 1371
5812981400 1372
5812981401 1373
5812981432 1374
5812981441 1375
5812981467 1376
5812981543 1377
5812981553 1378
5812981563 1379
5812981564 1380
5812981569 1381
5812981570 1382
5812981578 1383
5812981581 1384
5812981582 1385
5812981586 1386
5812981590 1387
5812981602 1388
5812981607 1389
5812981616 1390
5812981618 1391
5812981619 1392
5812981641 1393
5812981643 1394
5812981654 1395
5812981667 1396
5812981669 1397
5812981670 1398
5812981671 1399
5812981673 1400
5812981676 1401
5812981679 1402
5812981680 1403
5812981689 1404
5812981690 1405
5812981702 1406
5812981703 1407
5812981704 1408
5812981706 1409
5812981717 1410
5812981763 1411
5812981796 1412
5812981797 1413
5812981800 1414
5812981816 1415
5812981853 1416
5812981858 1417
5812981895 1418
5812981924 1419
5812981932 1420
5812981943 1421
5812981944 1422
5812981947 1423
5812981950 1424
5812981951 1425
5812981960 1426
5812981961 1427
5812981962 1428
5812981965 1429
5812981970 1430
5812981971 1431
5812981978 1432
5812981986 1433
5812981989 1434
5812981990 1435
5812982000 1436
5812982011 1437
5812982012 1438
5812982017 1439
5812982020 1440
5812982072 1441
5812982086 1442
5812982087 1443
5812982088 1444
5812982091 1445
5812982118 1446
5812982120 1447
5812982125 1448
5812982145 1449
5812982149 1450
5812982154 1451
5812982162 1452
5812982168 1453
5812982177 1454
5812982192 1455
5812982198 1456
5812982200 1457
5812982204 1458
5812982205 1459
5812982211 1460
5812982216 1461
5812982220 1462
5812982252 1463
5812982273 1464
5812982316 1465
5812982328 1466
5812982329 1467
5812982350 1468
5812982371 1469
5812982372 1470
5812982374 1471
5812982388 1472
5812982389 1473
5812982390 1474
5812982397 1475
5812982403 1476
5812982420 1477
5812982421 1478
5812982422 1479
5812982426 1480
5812982429 1481
5812982430 1482
5812982436 1483
5812982437 1484
5812982442 1485
5812982466 1486
5812982470 1487
5812982471 1488
5812982490 1489
5812982492 1490
5812982505 1491
5812982506 1492
5812982514 1493
5812982520 1494
5812982521 1495
5812982529 1496
5812982530 1497
5812982532 1498
5812982547 1499
5812982556 1500
5812982562 1501
5812982566 1502
5812982577 1503
5812982578 1504
5812982579 1505
5812982589 1506
5812982594 1507
5812982602 1508
5812982610 1509
5812982620 1510
5812982657 1511
5812982692 1512
5812982694 1513
5812982706 1514
5812982725 1515
5812982727 1516
5812982760 1517
5812982761 1518
5812982766 1519
5812982779 1520
5812982780 1521
5812982782 1522
5812982795 1523
5812982802 1524
5812982803 1525
5812982823 1526
5812982825 1527
5812982826 1528
5812982832 1529
5812982837 1530
5812982871 1531
5812982872 1532
5812982874 1533
5812982875 1534
5812982876 1535
5812982877 1536
5812982924 1537
5812982925 1538
5812982999 1539
5812983003 1540
5812983006 1541
5812983009 1542
5812983012 1543
5812983023 1544
5812983028 1545
5812983038 1546
5812983042 1547
5812983043 1548
5812983101 1549
5812983106 1550
5812983107 1551
5812983112 1552
5812983114 1553
5812983131 1554
5812983133 1555
5812983134 1556
5812983147 1557
5812983152 1558
5812983166 1559
5812983174 1560
5812983192 1561
5812983199 1562
5812983200 1563
5812983206 1564
5812983213 1565
5812983268 1566
5812983272 1567
5812983298 1568
5812983302 1569
5812983303 1570
5812983309 1571
5812983310 1572
5812983319 1573
5812983321 1574
5812983322 1575
5812983323 1576
5812983328 1577
5812983330 1578
5812983337 1579
5812983345 1580
5812983346 1581
5812983399 1582
5812983418 1583
5812983423 1584
5812983427 1585
5812983429 1586
5812983438 1587
5812983448 1588
5812983451 1589
5812983454 1590
5812983455 1591
5812983522 1592
5812983526 1593
5812983528 1594
5812983533 1595
5812983544 1596
5812983569 1597
5812983571 1598
5812983575 1599
5812983576 1600
5812983578 1601
5812983579 1602
5812983608 1603
5812983645 1604
5812983646 1605
5812983657 1606
5812983658 1607
5812983673 1608
5812983745 1609
5812983837 1610
5812983851 1611
5812983861 1612
5812983866 1613
5812983869 1614
5812983871 1615
5812983898 1616
5812983899 1617
5812983903 1618
5812983942 1619
5812984045 1620
5812987762 1621
5812989173 1622
5812989588 1623
5812996052 1624
5813000276 1625
5813010617 1626
5813011555 1627
5813011717 1628
5813014858 1629
5813016743 1630
5813019513 1631
5813019543 1632
5813019607 1633
5813019609 1634
5813019763 1635
5813019770 1636
5813019772 1637
5813019774 1638
5813019779 1639
5813019801 1640
5813019917 1641
5813019976 1642
5813019982 1643
5813020041 1644
5813020046 1645
5813020047 1646
5813020052 1647
5813020057 1648
5813020061 1649
5813020089 1650
5813020132 1651
5813020136 1652
5813020271 1653
5813020274 1654
5813020288 1655
5813020424 1656
5813020473 1657
5813020491 1658
5813020493 1659
5813020828 1660
5813020830 1661
5813020831 1662
5813020988 1663
5813020996 1664
5813021016 1665
5813021017 1666
5813021019 1667
5813021023 1668
5813021033 1669
5813021135 1670
5813021174 1671
5813021183 1672
5813021251 1673
5813021261 1674
5813021263 1675
5813021273 1676
5813021275 1677
5813021277 1678
5813021289 1679
5813021291 1680
5813021292 1681
5813021294 1682
5813021296 1683
5813021301 1684
5813021303 1685
5813021304 1686
5813021311 1687
5813021312 1688
5813021313 1689
5813021314 1690
5813021315 1691
5813021316 1692
5813021319 1693
5813021326 1694
5813021332 1695
5813021336 1696
5813021341 1697
5813021363 1698
5813021379 1699
5813021380 1700
5813021382 1701
5813021386 1702
5813021397 1703
5813021399 1704
5813021400 1705
5813021401 1706
5813021404 1707
5813021411 1708
5813021415 1709
5813021417 1710
5813021441 1711
5813021446 1712
5813021447 1713
5813021449 1714
5813021452 1715
5813021463 1716
5813021464 1717
5813021465 1718
5813021469 1719
5813021471 1720
5813021474 1721
5813021615 1722
5813021642 1723
5813021645 1724
5813021647 1725
5813021659 1726
5813021736 1727
5813021748 1728
5813021766 1729
5813021772 1730
5813021778 1731
5813021779 1732
5813021781 1733
5813021786 1734
5813021788 1735
5813021792 1736
5813021799 1737
5813021805 1738
5813021806 1739
5813021808 1740
5813021809 1741
5813021812 1742
5813021822 1743
5813021828 1744
5813021829 1745
5813021832 1746
5813021844 1747
5813021848 1748
5813021856 1749
5813021865 1750
5813021874 1751
5813021882 1752
5813021904 1753
5813021989 1754
5813021999 1755
5813022037 1756
5813022042 1757
5813022049 1758
5813022050 1759
5813022054 1760
5813022060 1761
5813022076 1762
5813022117 1763
5813022119 1764
5813022133 1765
5813022175 1766
5813022199 1767
5813022201 1768
5813022203 1769
5813022207 1770
5813022210 1771
5813022212 1772
5813022232 1773
5813022234 1774
5813022239 1775
5813022267 1776
5813022341 1777
5813022352 1778
5813022404 1779
5813022424 1780
5813022792 1781
5813024601 1782
5813024710 1783
5813024712 1784
5813027400 1785
5813027460 1786
5813027518 1787
5813027584 1788
5813027592 1789
5813027704 1790
5813027747 1791
5813031268 1792
5813032245 1793
5813032504 1794
5813032512 1795
5813032514 1796
5813032541 1797
5813032552 1798
5813032554 1799
5813032593 1800
5813032694 1801
5813032702 1802
5813032734 1803
5813032759 1804
5813032771 1805
5813032782 1806
5813032811 1807
5813032813 1808
5813032868 1809
5813032874 1810
5813032876 1811
5813032887 1812
5813032896 1813
5813032900 1814
5813032943 1815
5813032946 1816
5813032967 1817
5813032997 1818
5813033000 1819
5813033009 1820
5813033012 1821
5813033059 1822
5813033065 1823
5813033086 1824
5813033125 1825
5813033127 1826
5813033144 1827
5813033196 1828
5813033208 1829
5813033215 1830
5813033226 1831
5813033259 1832
5813033267 1833
5813033277 1834
5813033312 1835
5813033314 1836
5813034571 1837
5813035267 1838
5813035275 1839
5813035318 1840
5813035558 1841
5813035612 1842
5813035613 1843
5813035700 1844
5813038793 1845
5813038889 1846
5813039235 1847
5813039315 1848
5813039465 1849
5813039471 1850
5813040171 1851
5813040205 1852
5813040492 1853
5813040515 1854
5813040731 1855
5813040887 1856
5813040892 1857
5813040941 1858
5813041206 1859
5813042616 1860
5813042659 1861
5813047220 1862
5813047221 1863
5813047662 1864
5813047676 1865
5813047784 1866
5813047790 1867
5813048214 1868
5813049834 1869
5813049920 1870
5813049966 1871
5813050727 1872
5813050729 1873
5813050765 1874
5813050818 1875
5813050820 1876
5813052909 1877
5813053821 1878
5813053878 1879
5813053885 1880
5813053886 1881
5813053888 1882
5813053935 1883
5813053937 1884
5813054085 1885
5813054086 1886
5813054342 1887
5813054343 1888
5813054643 1889
5813054697 1890
5813055025 1891
5813055048 1892
5813055147 1893
5813055162 1894
5813055180 1895
5813055184 1896
5813055889 1897
5813055914 1898
5813055916 1899
5813055923 1900
5813055924 1901
5813056020 1902
5813056028 1903
5813056072 1904
5813056110 1905
5813056120 1906
5813056121 1907
5813056180 1908
5813056183 1909
5813056234 1910
5813056299 1911
5813056300 1912
5813056305 1913
5813056307 1914
5813056309 1915
5813056311 1916
5813056313 1917
5813056327 1918
5813056355 1919
5813056372 1920
5813056383 1921
5813056390 1922
5813056395 1923
5813056414 1924
5813056596 1925
5813057132 1926
5813057187 1927
5813057191 1928
5813057210 1929
5813057213 1930
5813057227 1931
5813057239 1932
5813057468 1933
5813057573 1934
5813057675 1935
5813057867 1936
5813057869 1937
5813057942 1938
5813057947 1939
5813057956 1940
5813057959 1941
5813058048 1942
5813058069 1943
5813058106 1944
5813058137 1945
5813058163 1946
5813058215 1947
5813058310 1948
5813058431 1949
5813059951 1950
5813060614 1951
5813060643 1952
5813060663 1953
5813060774 1954
5813060776 1955
5813060798 1956
5813060799 1957
5813060811 1958
5813060812 1959
5813060817 1960
5813061044 1961
5813061112 1962
5813061260 1963
5813061560 1964
5813061597 1965
5813061625 1966
5813061879 1967
5813061888 1968
5813062565 1969
5813062617 1970
5813062631 1971
5813062635 1972
5813062637 1973
5813062645 1974
5813062830 1975
5813062842 1976
5813062850 1977
5813062858 1978
5813062862 1979
5813063140 1980
5813063224 1981
5813063229 1982
5813063239 1983
5813063280 1984
5813063449 1985
5813063527 1986
5813064410 1987
5813064427 1988
5813064793 1989
5813065308 1990
5813065443 1991
5813067708 1992
5813067736 1993
5813067761 1994
5813067765 1995
5813067779 1996
5813067792 1997
5813067793 1998
5813067795 1999
5813067817 2000
5813067826 2001
5813067833 2002
5813067836 2003
5813067858 2004
5813067869 2005
5813068669 2006
5813068687 2007
5813068690 2008
5813068692 2009
5813068700 2010
5813068729 2011
5813068743 2012
5813068752 2013
5813068969 2014
5813068984 2015
5813069089 2016
5813069096 2017
5813069114 2018
5813069379 2019
5813069385 2020
5813069387 2021
5813069447 2022
5813069792 2023
5813069965 2024
5813069977 2025
5813070270 2026
5813070369 2027
5813070581 2028
5813070672 2029
5813070872 2030
5813070991 2031
5813071348 2032
5813071406 2033
5813071409 2034
5813075020 2035
5813075202 2036
5813075824 2037
5813075855 2038
5813077572 2039
5813077575 2040
5813077579 2041
5813077582 2042
5813077583 2043
5813077589 2044
5813077607 2045
5813077610 2046
5813077611 2047
5813077613 2048
5813077616 2049
5813078053 2050
5813078064 2051
5813078179 2052
5813078323 2053
5813078499 2054
5813078507 2055
5813078552 2056
5813078555 2057
5813078595 2058
5813078603 2059
5813078679 2060
5813078684 2061
5813079050 2062
5813079174 2063
5813079489 2064
5813080254 2065
5813080343 2066
5813080766 2067
5813080842 2068
5813081174 2069
5813081175 2070
5813081176 2071
5813081511 2072
5813081797 2073
5813082175 2074
5813082459 2075
5813082811 2076
5813082847 2077
5813083651 2078
5813083719 2079
5813083779 2080
5813083990 2081
5813084505 2082
5813084692 2083
5813085240 2084
5813086212 2085
5813087453 2086
5813087798 2087
5813087817 2088
5813087831 2089
5813088058 2090
5813088767 2091
5813089804 2092
5813090605 2093
5813090861 2094
5813090947 2095
5813090976 2096
5813090997 2097
5813091021 2098
5813091211 2099
5813091313 2100
5813091420 2101
5813091744 2102
5813091758 2103
5813092931 2104
5813093014 2105
5813093111 2106
5813093171 2107
5813093544 2108
5813093847 2109
5813094364 2110
5813094743 2111
5813095018 2112
5813095238 2113
5813095472 2114
5813095523 2115
5813095915 2116
5813096129 2117
5813096260 2118
5813096281 2119
5813096528 2120
5813096699 2121
5813098738 2122
5813098776 2123
5813099399 2124
5813099783 2125
5813100896 2126
5813101387 2127
5813102642 2128
5813104095 2129
5813104096 2130
5813105172 2131
5813105778 2132
5813106192 2133
5813106497 2134
5813109913 2135
5813109941 2136
5813110152 2137
5813110161 2138
5813110238 2139
5813110459 2140
5813110639 2141
5813110928 2142
5813111042 2143
5813112511 2144
5813113782 2145
5813114253 2146
5813114700 2147
5813114971 2148
5813116530 2149
5813123501 2150
5813127030 2151
5813128649 2152
5813128857 2153
5813129453 2154
5813134052 2155
581332573 2156
581336531 2157
581621335 2158
581633934 2159
581678043 2160
582101022 2161
582139830 2162
582148591 2163
582355376 2164
583175492 2165
5901118896 2166
5901119177 2167
5901120254 2168
5901120279 2169
5901120450 2170
5901193485 2171
5901196446 2172
5901196925 2173
5901197726 2174
5901198074 2175
5901198345 2176
5901198538 2177
5901200337 2178
5901202076 2179
5901202102 2180
5901204896 2181
5901205545 2182
5901205770 2183
5901207528 2184
5901208278 2185
5901209758 2186
5901210064 2187
5901212541 2188
5901212906 2189
5901217787 2190
5901222910 2191
5901225361 2192
5901227104 2193
5901227537 2194
5901231246 2195
599674785 2196
600011602 2197
600356751 2198
600365719 2199
600667501 2200
600684832 2201
600693904 2202
600702348 2203
600702483 2204
600965298 2205
600978553 2206
601047826 2207
601047827 2208
601047853 2209
601302278 2210
601315273 2211
601319398 2212
601323921 2213
601388689 2214
601712754 2215
601725442 2216
601725569 2217
602118253 2218
602459169 2219
602459213 2220
602459682 2221
602476655 2222
602808843 2223
602809029 2224
603422422 2225
604368022 2226
604709727 2227
604731022 2228
605775210 2229
606090268 2230
607898830 2231
608240943 2232
608628936 2233
609941228 2234
610274029 2235
610274046 2236
610312734 2237
610618198 2238
610968248 2239
611037750 2240
611300533 2241
611304789 2242
611305085 2243
611309194 2244
611323175 2245
611646050 2246
611646132 2247
611646147 2248
611974080 2249
612323667 2250
612371421 2251
612414168 2252
612440702 2253
612638791 2254
612668833 2255
612669205 2256
612703762 2257
612738462 2258
612742165 2259
612742248 2260
612755343 2261
613044611 2262
613079053 2263
613083359 2264
613083375 2265
613398716 2266
613719036 2267
613847777 2268
630373425 2269
630373497 2270
630377642 2271
630381662 2272
630381893 2273
630714299 2274
630722830 2275
630722941 2276
630722975 2277
630727056 2278
630731599 2279
630748479 2280
631051012 2281
631051057 2282
631055506 2283
631059587 2284
631064055 2285
631374662 2286
631396256 2287
631396453 2288
631396532 2289
631400190 2290
631400288 2291
631400598 2292
631400622 2293
631400693 2294
631422121 2295
631422224 2296
631728731 2297
631733127 2298
631737164 2299
631737380 2300
631741308 2301
631741483 2302
632013356 2303
632017828 2304
632048075 2305
632069728 2306
632069757 2307
632069851 2308
632082635 2309
632086737 2310
632091116 2311
632341464 2312
632397510 2313
632397750 2314
632397780 2315
632397786 2316
632397798 2317
632402333 2318
632734572 2319
632764978 2320
632808044 2321
633144545 2322
633148704 2323
633148716 2324
633148859 2325
633149039 2326
633149202 2327
633498748 2328
633793553 2329
635062078 2330
635416407 2331
636789080 2332
638472166 2333
638481581 2334
638930511 2335
639452632 2336
640281116 2337
640471815 2338
640630581 2339
641157199 2340
641653381 2341
641709938 2342
642335523 2343
642335553 2344
642516892 2345
642680823 2346
642680826 2347
642680853 2348
642680881 2349
642680969 2350
642681035 2351
642689607 2352
642723975 2353
642732835 2354
643142863 2355
643362770 2356
643363111 2357
643501489 2358
643523134 2359
643535876 2360
643703819 2361
643739027 2362
643794320 2363
644148705 2364
644152981 2365
644417074 2366
644870768 2367
644896959 2368
645090294 2369
645224664 2370
660730340 2371
661076014 2372
661080007 2373
661084049 2374
661395129 2375
661399477 2376
661407917 2377
661408056 2378
661408094 2379
661421129 2380
661430106 2381
661430179 2382
661740600 2383
661740651 2384
661757811 2385
661766416 2386
662081640 2387
662081902 2388
662085486 2389
662085792 2390
662089919 2391
662094168 2392
662103124 2393
662107551 2394
662107593 2395
662409505 2396
662409582 2397
662414157 2398
662418320 2399
662452625 2400
662456848 2401
662461539 2402
662711769 2403
662728826 2404
662754991 2405
662763626 2406
662763904 2407
662767770 2408
662772373 2409
662772393 2410
662776660 2411
662789529 2412
662802782 2413
662806818 2414
663044088 2415
663091787 2416
663130304 2417
663134970 2418
663432544 2419
663493162 2420
663791170 2421
663834152 2422
664141134 2423
664184060 2424
664187932 2425
664188056 2426
664188083 2427
664188108 2428
664188129 2429
664188211 2430
664511977 2431
666135689 2432
667189309 2433
667486204 2434
667538952 2435
670651584 2436
670970540 2437
671005363 2438
672006007 2439
672352543 2440
672598344 2441
673029543 2442
673085197 2443
673366098 2444
673366263 2445
673370525 2446
673509195 2447
673715784 2448
673776769 2449
674056647 2450
674056882 2451
674100160 2452
674393414 2453
674398014 2454
674519060 2455
674738872 2456
674807824 2457
675144948 2458
675451588 2459
675468771 2460
675602461 2461
675763039 2462
676263239 2463
676612729 2464
676616719 2465
691760950 2466
692093440 2467
692110379 2468
692119287 2469
692430198 2470
692434135 2471
692775807 2472
692775814 2473
692792746 2474
692810011 2475
692818786 2476
692818802 2477
693034103 2478
693099031 2479
693099064 2480
693099102 2481
693099142 2482
693112035 2483
693116214 2484
693116396 2485
693121000 2486
693125004 2487
693125078 2488
693133603 2489
693159855 2490
693448777 2491
693453332 2492
693479072 2493
693483018 2494
693487880 2495
693500431 2496
693500652 2497
693785353 2498
693785371 2499
693785633 2500
693785740 2501
693785780 2502
693790141 2503
693794431 2504
693837780 2505
693841887 2506
693841929 2507
693846112 2508
693927941 2509
694126800 2510
694139687 2511
694147949 2512
694524222 2513
694834412 2514
695124651 2515
696829800 2516
697132371 2517
697485362 2518
698508565 2519
698970725 2520
699031185 2521
700321894 2522
701923413 2523
702692200 2524
702704906 2525
703387200 2526
704409534 2527
704409742 2528
704466265 2529
704742082 2530
704746449 2531
704746457 2532
704750475 2533
704750665 2534
704750673 2535
704750742 2536
704750766 2537
704750842 2538
704759205 2539
704816317 2540
705082892 2541
705091521 2542
705091769 2543
705091939 2544
705432638 2545
705432922 2546
705462899 2547
705774051 2548
706819341 2549
706840303 2550
707647321 2551
707660374 2552
7112624728 2553
7112625242 2554
7112625255 2555
7112625445 2556
7112626196 2557
722450065 2558
722463321 2559
722467632 2560
722467714 2561
722471778 2562
722471825 2563
722817260 2564
722821616 2565
723123991 2566
723128414 2567
723153828 2568
723158245 2569
723167312 2570
723469488 2571
723495119 2572
723508068 2573
723508086 2574
723508095 2575
723508162 2576
723810015 2577
723848801 2578
723849351 2579
723853340 2580
724134138 2581
724134170 2582
724138359 2583
724142845 2584
724151343 2585
724449040 2586
724488194 2587
724488362 2588
724522447 2589
724531411 2590
724763999 2591
724816115 2592
724816217 2593
724825187 2594
724829211 2595
724841759 2596
724867606 2597
724867917 2598
724876683 2599
724885340 2600
725174424 2601
725200110 2602
725217343 2603
726207450 2604
727472481 2605
729219639 2606
729867599 2607
729957687 2608
732038980 2609
733316908 2610
733458828 2611
733920949 2612
734944881 2613
735112319 2614
735134301 2615
735282133 2616
735470654 2617
735600320 2618
735785459 2619
735785541 2620
735785583 2621
735785639 2622
735785741 2623
735790008 2624
735941254 2625
736117977 2626
736122569 2627
736126563 2628
736126644 2629
736126668 2630
736126717 2631
736126732 2632
736126746 2633
736173896 2634
736463614 2635
736467526 2636
736467640 2637
736808522 2638
736808904 2639
736813212 2640
737149820 2641
737149964 2642
737150041 2643
737167616 2644
737491062 2645
738155917 2646
738531654 2647
739572008 2648
753489735 2649
753489892 2650
753489951 2651
753506746 2652
753839564 2653
753847960 2654
753852265 2655
753852396 2656
753852432 2657
754150161 2658
754154720 2659
754163207 2660
754184667 2661
754188911 2662
754188980 2663
754197850 2664
754202022 2665
754206396 2666
754473844 2667
754486618 2668
754491144 2669
754525744 2670
754534424 2671
754538763 2672
754538881 2673
754542738 2674
754547386 2675
754832123 2676
754854077 2677
754870859 2678
754879354 2679
754884149 2680
754893183 2681
755173189 2682
755173211 2683
755177787 2684
755224854 2685
755229523 2686
755234235 2687
755518957 2688
755527664 2689
755544921 2690
755851102 2691
755868550 2692
756196285 2693
756196541 2694
756567539 2695
756585129 2696
756601858 2697
756870190 2698
756904685 2699
759810119 2700
759960572 2701
760570054 2702
761938645 2703
762982753 2704
763730414 2705
765457262 2706
766298734 2707
766476379 2708
766493391 2709
766820559 2710
766838498 2711
767161652 2712
767161677 2713
767174553 2714
767473384 2715
767494105 2716
767502579 2717
767502627 2718
767502639 2719
767502657 2720
767502667 2721
767671354 2722
767852204 2723
767878191 2724
768184496 2725
768184604 2726
768184623 2727
768525593 2728
768525608 2729
768525647 2730
768555687 2731
768884949 2732
769018494 2733
769721865 2734
770692923 2735
784204967 2736
784533172 2737
784541732 2738
784541854 2739
784844007 2740
784844107 2741
784844112 2742
784844115 2743
784848362 2744
784848513 2745
784882707 2746
784895866 2747
785189156 2748
785189253 2749
785198372 2750
785232629 2751
785232649 2752
785456671 2753
785521487 2754
785521517 2755
785525736 2756
785525842 2757
785573850 2758
785582643 2759
785888696 2760
785914742 2761
785918963 2762
786221078 2763
786260089 2764
786273199 2765
786929029 2766
787908929 2767
788306624 2768
788306724 2769
788648194 2770
789934899 2771
790305346 2772
790922968 2773
791298858 2774
792019471 2775
792368888 2776
792692885 2777
794963206 2778
795814655 2779
796836697 2780
797187575 2781
797514653 2782
797687628 2783
797855394 2784
798027992 2785
798192091 2786
798192115 2787
798192162 2788
798196366 2789
798196389 2790
798196454 2791
798196461 2792
798356481 2793
798528850 2794
798533259 2795
798537392 2796
798537456 2797
798537538 2798
798537580 2799
798537638 2800
798537701 2801
798585556 2802
798693540 2803
798869986 2804
798874090 2805
798892246 2806
798908816 2807
799215269 2808
799219511 2809
799219795 2810
799362484 2811
799560834 2812
799578347 2813
799586652 2814
799901370 2815
799906141 2816
799919294 2817
800264315 2818
800622401 2819
800743420 2820
815222743 2821
815240159 2822
815568065 2823
815580911 2824
815585355 2825
815598761 2826
815909099 2827
815921891 2828
815922095 2829
815922112 2830
815926323 2831
815926332 2832
815926346 2833
815930761 2834
816219578 2835
816219622 2836
816219675 2837
816254592 2838
816263443 2839
816276055 2840
816276925 2841
816613438 2842
816962833 2843
817294806 2844
817299301 2845
817307776 2846
817985849 2847
817993932 2848
818637585 2849
818983130 2850
822009511 2851
822687493 2852
822708945 2853
829015629 2854
829231385 2855
829231457 2856
829235909 2857
829261936 2858
829279239 2859
829379400 2860
829568160 2861
829572252 2862
829572451 2863
829572494 2864
829572544 2865
829593966 2866
829598814 2867
829939688 2868
830276571 2869
830419511 2870
830586919 2871
830634936 2872
831273286 2873
834044577 2874
846270628 2875
846602958 2876
846611449 2877
846611908 2878
846616006 2879
846616159 2880
846620223 2881
846620287 2882
846952407 2883
846952683 2884
847250148 2885
847254513 2886
847254536 2887
847254566 2888
847254581 2889
847293869 2890
847297956 2891
847297982 2892
847302850 2893
847320165 2894
847595624 2895
847989021 2896
848287126 2897
848316930 2898
848321392 2899
848330091 2900
848662421 2901
848662441 2902
848666732 2903
848666776 2904
848692583 2905
849370246 2906
849370258 2907
849685478 2908
849707224 2909
850375847 2910
850388928 2911
851459972 2912
852724544 2913
858725815 2914
858937324 2915
859265651 2916
859618655 2917
859735285 2918
859765252 2919
859925004 2920
860257495 2921
860261985 2922
860265987 2923
860266014 2924
860266062 2925
860266123 2926
860266309 2927
860266346 2928
860266377 2929
860266404 2930
860603005 2931
860607168 2932
860607367 2933
860607450 2934
860607455 2935
860607480 2936
860607503 2937
860944055 2938
860983686 2939
861280857 2940
861285145 2941
861630613 2942
861634934 2943
861665641 2944
862312670 2945
862671913 2946
862705904 2947
877313996 2948
877318574 2949
877659583 2950
877659673 2951
877974490 2952
877982991 2953
877987539 2954
877987901 2955
877992236 2956
877992303 2957
878324222 2958
878324438 2959
878333234 2960
878333333 2961
878337317 2962
878346778 2963
878652627 2964
878670047 2965
879023901 2966
879032295 2967
880055173 2968
880383629 2969
880404940 2970
880409455 2971
881005404 2972
881057369 2973
882062667 2974
883414342 2975
887105351 2976
890118683 2977
890614937 2978
891301236 2979
891301315 2980
891629070 2981
891637860 2982
891642176 2983
891642215 2984
891642281 2985
891642345 2986
891978843 2987
893149866 2988
893158121 2989
893338749 2990
893347461 2991
893688605 2992
893710296 2993
893805187 2994
894020730 2995
908340253 2996
908353540 2997
908668340 2998
908668522 2999
908668556 3000
908685688 3001
908685859 3002
908689934 3003
908690107 3004
908699052 3005
909026561 3006
909026992 3007
909368173 3008
909372586 3009
909372602 3010
909704857 3011
909717461 3012
909730907 3013
909730911 3014
910063154 3015
910063307 3016
910386568 3017
910404284 3018
910412830 3019
911094343 3020
911332304 3021
911400981 3022
911755444 3023
911759695 3024
912601209 3025
915605943 3026
922354084 3027
922677093 3028
922677121 3029
923013923 3030
923018247 3031
923018290 3032
923027316 3033
923359312 3034
923385340 3035
923700162 3036
923726321 3037
923869685 3038
924049792 3039
924429714 3040
924723528 3041
924737391 3042
925799233 3043
939030036 3044
939729237 3045
939729706 3046
939733452 3047
939733918 3048
939734122 3049
939734266 3050
939738364 3051
939738376 3052
939738399 3053
939738424 3054
939738473 3055
939738477 3056
939742503 3057
939742609 3058
940070913 3059
940075056 3060
940075464 3061
940079170 3062
940079253 3063
940079513 3064
940079568 3065
940079657 3066
940079771 3067
940083749 3068
940084011 3069
940084060 3070
940084095 3071
940084152 3072
940087822 3073
940420292 3074
940425106 3075
940425171 3076
940425232 3077
940748411 3078
940752707 3079
940761352 3080
941102504 3081
941111195 3082
942777202 3083
943118619 3084
943822621 3085
945311344 3086
945820710 3087
946495259 3088
952723817 3089
952724101 3090
953029783 3091
953410147 3092
953712141 3093
953755666 3094
954053018 3095
954053251 3096
954053261 3097
954222134 3098
954528474 3099
954730964 3100
955464899 3101
955591114 3102
956138930 3103
970772961 3104
970777114 3105
970777224 3106
971113967 3107
971118202 3108
971118588 3109
971118724 3110
971459227 3111
972080542 3112
972128731 3113
972461072 3114
972810838 3115
973116931 3116
973146958 3117
973151229 3118
973488234 3119
973816592 3120
974498400 3121
974498428 3122
974498485 3123
974498492 3124
974507006 3125
974839683 3126
974843892 3127
975518615 3128
980982986 3129
983759126 3130
984405805 3131
984449267 3132
984453829 3133
984536209 3134
984746802 3135
985429128 3136
985498292 3137
985826737 3138
986793149 3139
986828383 3140
987273073 3141
987997896 3142
988852391 3143
