1001453586 1
1003474104 2
1003474283 3
1003478461 4
1003504512 5
1003837184 6
1004514584 7
1004514714 8
1004527604 9
1004527691 10
1004527700 11
1005119041 12
1005174931 13
1005179264 14
1005179377 15
1005520576 16
1006258344 17
1006936257 18
1007432816 19
1011184205 20
1015143077 21
1016114585 22
1016118449 23
1016118651 24
1016122913 25
1016123127 26
1016166622 27
1016166928 28
1016192580 29
1016459595 30
1016805008 31
1016835041 32
1016839809 33
1017547830 34
1017819398 35
1017880794 36
1017992752 37
1018164997 38
1018510191 39
1018545595 40
1018550022 41
1018899361 42
1019024473 43
1019347828 44
1034197968 45
1034198388 46
1035557785 47
1035562328 48
1036546847 49
1036559440 50
1036559490 51
1036563762 52
1037293275 53
1045832508 54
1046812283 55
1046816660 56
1047153433 57
1047157746 58
1047157958 59
1047183897 60
1047210325 61
1047489962 62
1047525093 63
1047835635 64
1048004460 65
1048172314 66
1048180932 67
1048207713 68
1048215779 69
1048517845 70
1048854479 71
1049549402 72
1049549412 73
1049946735 74
1050249677 75
1050585709 76
1051630846 77
1064891781 78
1066234564 79
1067598881 80
1068272038 81
1068276312 82
1068613227 83
1068613231 84
1068613282 85
1068617431 86
1068954342 87
1068954391 88
1068958593 89
1068958652 90
1069295816 91
1069295830 92
1070332560 93
1070613107 94
1070646938 95
1072063538 96
1077847238 97
1077851524 98
1077851551 99
1078007730 100
1078525257 101
1078534091 102
1078534115 103
1078572735 104
1078693835 105
1078874826 106
1078875017 107
1079215685 108
1079707882 109
1080566792 110
1080579786 111
1080579985 112
1080580151 113
1081086613 114
1081434698 115
1081767446 116
1096894260 117
1096919756 118
1097265345 119
1097623778 120
1100675450 121
1100675497 122
1101012503 123
1101353948 124
1108541296 125
1108545472 126
1108545599 127
1109223365 128
1109568528 129
1109568718 130
1109957857 131
1110298200 132
1110307501 133
1110640084 134
1110937445 135
1110972158 136
1110985490 137
1110997994 138
1111278454 139
1111615136 140
1111947403 141
1112125413 142
1127604950 143
1127941858 144
1128274593 145
1129306180 146
1129323248 147
1130687130 148
1131810172 149
1131840673 150
1139265826 151
1139667240 152
1139724251 153
1139724263 154
1139921468 155
1139921865 156
1140603698 157
1140655376 158
1140655624 159
1140737968 160
1140738351 161
1140750808 162
1140950118 163
1140950144 164
1140996390 165
1141000881 166
1141006088 167
1141009503 168
1141009899 169
1141010036 170
1141268794 171
1141290695 172
1141290835 173
1141324564 174
1141328881 175
1141329053 176
1141329227 177
1141337518 178
1141337557 179
1141337605 180
1141337629 181
1141337663 182
1141337757 183
1141342258 184
1141342260 185
1141342299 186
1141346217 187
1141346308 188
1141346462 189
1141346472 190
1141350537 191
1141630854 192
1141631198 193
1141631240 194
1141636055 195
1141636389 196
1141674495 197
1141678637 198
1141678665 199
1141678931 200
1141678948 201
1141682748 202
1141687128 203
1141687352 204
1141691881 205
1141692008 206
1141972158 207
1141972202 208
1141976953 209
1141977014 210
1141977071 211
1142011140 212
1142019737 213
1142019868 214
1142019878 215
1142024290 216
1142028710 217
1142356511 218
1142356576 219
1142360528 220
1142365351 221
1142658717 222
1142706421 223
1142994933 224
1143332046 225
1143340753 226
1143677310 227
1143686159 228
1159321889 229
1161731111 230
1162063500 231
1162399882 232
1164113870 233
1165465632 234
1169657925 235
1169661785 236
1169989698 237
1169989859 238
1169993905 239
1169999059 240
1170072753 241
1170076975 242
1170077088 243
1170077089 244
1170322501 245
1170326256 246
1170326295 247
1170335262 248
1170344185 249
1170348225 250
1170400248 251
1170404820 252
1170404875 253
1170408975 254
1170412847 255
1170413055 256
1170413092 257
1170413110 258
1170413179 259
1170413285 260
1170413293 261
1170413425 262
1170413431 263
1170417462 264
1170417467 265
1170417562 266
1170417693 267
1170417710 268
1170421984 269
1170606692 270
1170667130 271
1170749579 272
1170753442 273
1170753611 274
1170753858 275
1170753959 276
1170754031 277
1170757913 278
1170757967 279
1170758186 280
1170762668 281
1171095158 282
1171104028 283
1171280441 284
1171431567 285
1171436073 286
1171617407 287
1171621616 288
1171621682 289
1171690432 290
1171690479 291
1171704378 292
1171759765 293
1171772286 294
1171785552 295
1172031461 296
1172044382 297
1172053274 298
1172363878 299
1172372291 300
1172372382 301
1172372655 302
1172385513 303
1172433712 304
1172441674 305
1172446050 306
1172446164 307
1172665846 308
1172670463 309
1172704683 310
1172713514 311
1172713521 312
1172730733 313
1172774470 314
1172796014 315
1173007139 316
1173011450 317
1173016042 318
1173045815 319
1173054679 320
1173063302 321
1173067651 322
1173072129 323
1173076392 324
1173076523 325
1173347968 326
1173391076 327
1173408617 328
1173417505 329
1173524747 330
1173732234 331
1173745220 332
1173745330 333
1173745411 334
1173753977 335
1173814525 336
1173866149 337
1174008477 338
1174077762 339
1174384118 340
1174410293 341
1174712037 342
1174716572 343
1175070762 344
1190339995 345
1190340083 346
1191392918 347
1196854070 348
1200351169 349
1200351200 350
1200416059 351
1200416127 352
1200429271 353
1200683283 354
1200687716 355
1200687913 356
1200700424 357
1200743767 358
1200743811 359
1200743891 360
1200743892 361
1200748287 362
1200748356 363
1200752926 364
1200753056 365
1200753147 366
1200753289 367
1200757630 368
1200757686 369
1200770728 370
1201028519 371
1201032707 372
1201084940 373
1201084988 374
1201085068 375
1201085147 376
1201085163 377
1201089476 378
1201093707 379
1201093753 380
1201093782 381
1201102301 382
1201792863 383
1202060409 384
1202125326 385
1202397143 386
1202410042 387
1202462198 388
1202470836 389
1202673723 390
1202704262 391
1202737975 392
1202746942 393
1203066201 394
1203066222 395
1203066401 396
1203070528 397
1203420037 398
1203424360 399
1203433388 400
1203696415 401
1203709763 402
1203735428 403
1203756972 404
1203769621 405
1203769862 406
1203774485 407
1203774508 408
1203779116 409
1203783013 410
1204076441 411
1204124270 412
1204124281 413
1204175835 414
1204391417 415
1204443547 416
1204447548 417
1204547624 418
1204775735 419
1204784216 420
1204875505 421
1205090786 422
1205225146 423
1205453648 424
1206114100 425
1223796442 426
1224137476 427
1224137495 428
1227534920 429
1230267764 430
1231299343 431
1231441917 432
1231442049 433
1231442285 434
1231445949 435
1231446153 436
1231446378 437
1231446411 438
1231450750 439
1231454981 440
1231459229 441
1231631777 442
1231718414 443
1231735257 444
1231744096 445
1231774505 446
1231778487 447
1231778565 448
1231778692 449
1231778910 450
1231783149 451
1231787352 452
1231795989 453
1231800234 454
1232115209 455
1232141286 456
1232145434 457
1232456585 458
1232654731 459
1233428010 460
1233436396 461
1233436426 462
1233436479 463
1233492573 464
1233501275 465
1233505806 466
1233703950 467
1233773217 468
1234226967 469
1234227156 470
1234230912 471
1234386037 472
1234472633 473
1234481054 474
1234567424 475
1234571701 476
1234571727 477
1234571750 478
1234731487 479
1234800242 480
1234809285 481
1234904294 482
1234912616 483
1234912664 484
1235115629 485
1235150293 486
1235750394 487
1236073998 488
1236419435 489
1236816635 490
1237814053 491
1255297788 492
1261976425 493
1261989183 494
1262412229 495
1262424913 496
1262472724 497
1262476815 498
1262476941 499
1262476984 500
1262477136 501
1262485643 502
1262485663 503
1262485704 504
1262485710 505
1262485726 506
1262485740 507
1262485769 508
1262493935 509
1262494221 510
1262494423 511
1262498815 512
1262744824 513
1262809198 514
1262809316 515
1262809506 516
1262813853 517
1262817736 518
1262817992 519
1262822280 520
1262830840 521
1262830956 522
1263098627 523
1263115934 524
1263150527 525
1263154785 526
1263163270 527
1263491233 528
1263832477 529
1264186300 530
1264371970 531
1265157632 532
1265261256 533
1265261328 534
1265261373 535
1265261383 536
1265265561 537
1265852784 538
1266478519 539
1266832645 540
1266871604 541
1267164975 542
1267868586 543
1268861712 544
1289618098 545
1292367728 546
1293451424 547
1293507152 548
1293507172 549
1293507235 550
1293507425 551
1293507452 552
1293507539 553
1293511634 554
1293511688 555
1293511697 556
1293511727 557
1293511728 558
1293516024 559
1293516188 560
1293524706 561
1293524783 562
1293524890 563
1293524918 564
1293839626 565
1293843986 566
1293844055 567
1293844182 568
1293844319 569
1293844325 570
1293848435 571
1293848553 572
1293852898 573
1293852908 574
1293878803 575
1293878882 576
1294185362 577
1294206758 578
1294465669 579
1294534661 580
1294543524 581
1295225451 582
1295501882 583
1295566429 584
1295847315 585
1295855722 586
1295955716 587
1296287376 588
1296291825 589
1296296160 590
1296300525 591
1296524721 592
1297202769 593
1297556652 594
1297815807 595
1313496027 596
1322353714 597
1322353824 598
1324218580 599
1324222950 600
1324542324 601
1324546987 602
1324551005 603
1324555206 604
1324555342 605
1324559671 606
1324563972 607
1324564234 608
1324844582 609
1324904932 610
1325073331 611
1325245970 612
1325250418 613
1326264840 614
1326618995 615
1326623074 616
1326813363 617
1327494939 618
1327831724 619
1327831994 620
1328505485 621
1328513713 622
1328518365 623
1328522741 624
1330275332 625
1344811248 626
1352077058 627
1354411526 628
1354752603 629
1357321396 630
1357848386 631
1357999210 632
1358158733 633
1359212271 634
1359553384 635
1360308607 636
1376203864 637
1387497141 638
1387575003 639
1387579390 640
1387583729 641
1387583807 642
1388002375 643
1388585088 644
1389189176 645
1390618359 646
1390942076 647
1390946364 648
1391969347 649
1392655948 650
1418273110 651
1418351262 652
1418618235 653
1418976540 654
1419019956 655
1420306364 656
1420651734 657
1420966843 658
1421666260 659
1442819296 660
1449662010 661
1449670372 662
1450011431 663
1450011990 664
1450581687 665
1450663446 666
1451341240 667
1451695303 668
1451699682 669
1452001679 670
1452317118 671
1481383029 672
1481383373 673
1484076853 674
1512081419 675
1513687200 676
1515418525 677
1536947502 678
1540172164 679
1573792824 680
1609542060 681
1629383757 682
1630051981 683
1639234609 684
1639243580 685
1640594274 686
1664178250 687
1670265016 688
1670934213 689
1685555983 690
1692817033 691
1693154060 692
1693486219 693
1700937093 694
1700946301 695
1702306047 696
1703683361 697
1727979406 698
1728315957 699
1733677514 700
1734350788 701
1734350908 702
1734420152 703
1755556097 704
1756579280 705
1762704980 706
1764091241 707
1765040289 708
1765415970 709
1788300760 710
1793014716 711
1793351401 712
1796817841 713
1796818119 714
1797505019 715
1818307672 716
1820721562 717
1825085656 718
1827473315 719
1827516355 720
1827861966 721
1828206773 722
1850706912 723
1850711304 724
1851061177 725
1851389175 726
1851393805 727
1856820042 728
1857148391 729
1857825571 730
1858171399 731
1881751117 732
1882083076 733
1887163927 734
1887872301 735
1888178718 736
1888213190 737
1888572074 738
1889253763 739
1889253785 740
1910886083 741
1912777226 742
1912789965 743
1914140664 744
1914823337 745
1914823414 746
1917188956 747
1943811511 748
1943811736 749
1944502935 750
1944507292 751
1946178096 752
1975187675 753
1975878958 754
1977579449 755
1977916288 756
200326126 757
2010992546 758
2038271921 759
2039273648 760
2064165421 761
2069648663 762
2101391269 763
2124762952 764
2166133204 765
264083994 766
268725517 767
268731005 768
294161385 769
294436967 770
295478082 771
296199149 772
297230760 773
297251714 774
297908801 775
298258513 776
298595394 777
298612190 778
299613480 779
300968622 780
300972942 781
301309622 782
301314150 783
301314154 784
301314208 785
301318641 786
326119769 787
326159907 788
326817334 789
327499164 790
328213824 791
328253133 792
328533761 793
328542218 794
328546871 795
328611004 796
328861282 797
329435390 798
329566174 799
330268940 800
330661529 801
331662668 802
331662710 803
331662717 804
331999156 805
331999213 806
332003372 807
332003629 808
332003730 809
332003895 810
332003899 811
332007728 812
332008063 813
332008082 814
332340127 815
332340236 816
332344539 817
332344592 818
332344670 819
332344760 820
332344908 821
332349228 822
332349327 823
332353106 824
332353336 825
332353438 826
332353566 827
332685594 828
332685751 829
332685755 830
332689776 831
332690153 832
333030976 833
333031114 834
333035349 835
333039671 836
354775482 837
354779890 838
355086967 839
356818390 840
356818551 841
357146296 842
357515217 843
357573154 844
357932060 845
359287673 846
359586213 847
359598627 848
359974171 849
360284300 850
360941147 851
361376643 852
362041442 853
362689128 854
362693077 855
362693473 856
362697657 857
362701764 858
362701875 859
362701895 860
362701969 861
363029976 862
363030024 863
363030040 864
363034174 865
363034211 866
363034407 867
363034501 868
363038752 869
363038831 870
363042781 871
363047222 872
363370708 873
363370913 874
363371001 875
363375247 876
363375408 877
363375475 878
363379387 879
363384083 880
363384090 881
363384138 882
363387921 883
363716151 884
363716303 885
363716362 886
363724985 887
363724996 888
363725096 889
363725201 890
363725228 891
363729312 892
363729314 893
363733406 894
364061776 895
364066029 896
364070309 897
364070517 898
364407023 899
364411143 900
385132611 901
385158577 902
386829647 903
387512128 904
387568523 905
387870860 906
388629465 907
388881226 908
389195896 909
389205204 910
389210230 911
390590450 912
390603428 913
391716661 914
392368893 915
393383025 916
393387426 917
393404592 918
393736822 919
393766777 920
394060556 921
394060620 922
394064790 923
394069210 924
394073547 925
394077610 926
394081878 927
394397189 928
394401778 929
394414724 930
394414783 931
394418743 932
394427392 933
394755376 934
394755632 935
394755645 936
394755742 937
394755782 938
394759626 939
394759837 940
394764082 941
394768379 942
395105113 943
415494049 944
415511327 945
415826533 946
415835070 947
415835178 948
415848195 949
415848228 950
415852518 951
415908516 952
416189410 953
416189500 954
416508862 955
416837168 956
417221397 957
417558532 958
420696828 959
421641859 960
422682603 961
422725634 962
423382015 963
423774471 964
424716408 965
424754530 966
424767514 967
424776680 968
424780893 969
424789697 970
425086839 971
425086851 972
425104113 973
425104178 974
425104216 975
425112506 976
425126008 977
425276848 978
425431837 979
425436170 980
425445301 981
425768768 982
425768822 983
425790257 984
426139965 985
426140035 986
426464004 987
426477089 988
426818061 989
446533552 990
446826981 991
446848967 992
446883390 993
447219992 994
447224575 995
447599745 996
448204394 997
448342846 998
448942604 999
449241371 1000
449244969 1001
449948630 1002
450617762 1003
452971138 1004
453053044 1005
453380528 1006
454252960 1007
454335501 1008
455155337 1009
455159380 1010
455431209 1011
455793621 1012
455793743 1013
455793827 1014
455811760 1015
456121649 1016
456134692 1017
456174330 1018
456458549 1019
456462835 1020
456462919 1021
456467162 1022
456523994 1023
456808311 1024
456820863 1025
456846996 1026
457175171 1027
457196643 1028
457507485 1029
476545134 1030
477179700 1031
477262101 1032
477572961 1033
477861840 1034
477896729 1035
477900945 1036
477900959 1037
477909602 1038
477909679 1039
477909698 1040
478250407 1041
478250482 1042
478613576 1043
478660968 1044
479935033 1045
479969106 1046
480310599 1047
480315387 1048
480331310 1049
480590566 1050
480997558 1051
481359062 1052
482762280 1053
484130600 1054
484350664 1055
484368420 1056
484735678 1057
484911954 1058
485132675 1059
486073415 1060
486815976 1061
486837442 1062
486880919 1063
487143497 1064
487144598 1065
487160828 1066
487187476 1067
487191669 1068
487489028 1069
487489064 1070
487493197 1071
487501700 1072
487834111 1073
487834131 1074
487834179 1075
487847296 1076
487899562 1077
487925037 1078
487925063 1079
488179585 1080
488179878 1081
488184014 1082
488188560 1083
488205572 1084
488322846 1085
488520820 1086
488533722 1087
488559952 1088
488572496 1089
488581156 1090
507243409 1091
507260559 1092
507592981 1093
508292573 1094
508599181 1095
508599194 1096
508599211 1097
508599271 1098
508599276 1099
508616471 1100
508689623 1101
508897030 1102
508918609 1103
508935964 1104
508939879 1105
508939914 1106
508940291 1107
508940292 1108
508949033 1109
509013752 1110
509264220 1111
509695478 1112
509700197 1113
509928512 1114
510049477 1115
511271574 1116
511349908 1117
511681569 1118
512023157 1119
512765910 1120
513451621 1121
514068564 1122
515385637 1123
515813661 1124
516055524 1125
516844782 1126
517207902 1127
517506265 1128
517510393 1129
517514142 1130
517514588 1131
517518166 1132
517699705 1133
517838849 1134
517847127 1135
517850316 1136
517854468 1137
517858947 1138
517871837 1139
518183562 1140
518187118 1141
518191547 1142
518195738 1143
518212987 1144
518217691 1145
518528152 1146
518532490 1147
518864844 1148
518864924 1149
518869381 1150
518869459 1151
518873469 1152
518873604 1153
518882016 1154
518899665 1155
518930199 1156
519206240 1157
519210172 1158
519214622 1159
519214895 1160
519218919 1161
519223027 1162
519223428 1163
519227414 1164
519232054 1165
519555690 1166
519564501 1167
519573099 1168
519573128 1169
519581562 1170
519620935 1171
519900699 1172
519905418 1173
520380132 1174
537945877 1175
538282782 1176
538308362 1177
538602138 1178
538653955 1179
538908474 1180
538951958 1181
539249493 1182
539586554 1183
539949478 1184
539949536 1185
539975118 1186
539975122 1187
539983731 1188
540001084 1189
540389646 1190
540389734 1191
540730639 1192
540730657 1193
540730738 1194
541007502 1195
541697718 1196
542039038 1197
542315097 1198
542371432 1199
542376096 1200
542634818 1201
543365264 1202
543692985 1203
543702186 1204
544021095 1205
544037996 1206
544107335 1207
544158940 1208
544361987 1209
544383511 1210
545385576 1211
547240545 1212
547552266 1213
548203966 1214
548549000 1215
548549395 1216
548552875 1217
548552915 1218
548553386 1219
548553494 1220
548872750 1221
548878145 1222
548885313 1223
548885407 1224
548889938 1225
548894251 1226
548898403 1227
548898520 1228
549158040 1229
549161688 1230
549219101 1231
549222167 1232
549226277 1233
549230949 1234
549248200 1235
549567614 1236
549571627 1237
549571739 1238
549572017 1239
549576117 1240
549576424 1241
549597974 1242
549610772 1243
549899821 1244
549904227 1245
549904387 1246
549908737 1247
549916869 1248
549917317 1249
549955973 1250
550081666 1251
550245056 1252
550271272 1253
550275987 1254
550408954 1255
550598935 1256
550599514 1257
550944712 1258
550944744 1259
551113395 1260
551445253 1261
551790504 1262
551790913 1263
568635279 1264
569002579 1265
569278689 1266
569313277 1267
569317846 1268
569334986 1269
569615641 1270
569650323 1271
569939107 1272
569943419 1273
569952299 1274
569999973 1275
570288900 1276
570314896 1277
570327880 1278
570336412 1279
570336487 1280
570643102 1281
570643109 1282
570643135 1283
570643193 1284
570647225 1285
570647366 1286
570647526 1287
570742510 1288
570742527 1289
570742599 1290
570997147 1291
571044587 1292
571424323 1293
571424636 1294
571424650 1295
571424748 1296
571666400 1297
571778381 1298
571778433 1299
573056433 1300
573065577 1301
573329304 1302
573333284 1303
573333835 1304
573381453 1305
573402255 1306
573410968 1307
573414575 1308
573670049 1309
573708714 1310
574032862 1311
574037266 1312
574037281 1313
574037479 1314
574374051 1315
574377562 1316
574377845 1317
574688051 1318
574965048 1319
576825965 1320
577205852 1321
577554935 1322
578694777 1323
578893446 1324
579234980 1325
579576294 1326
579583329 1327
579587796 1328
579592279 1329
579592619 1330
579596940 1331
579912201 1332
579916831 1333
579924731 1334
579928928 1335
580317662 1336
580598373 1337
580610916 1338
580611301 1339
580732172 1340
580934661 1341
580947602 1342
580951922 1343
581293182 1344
5812978878 1345
5812979015 1346
5812979016 1347
5812979026 1348
5812979069 1349
5812979119 1350
5812979121 1351
5812979128 1352
5812979133 1353
5812979156 1354
5812979168 1355
5812979170 1356
5812979172 1357
5812979175 1358
5812979176 1359
5812979177 1360
5812979187 1361
5812979188 1362
5812979191 1363
5812979196 1364
5812979197 1365
5812979222 1366
5812979254 1367
5812979263 1368
5812979271 1369
5812979282 1370
5812979284 1371
5812979287 1372
5812979289 1373
5812979291 1374
5812979292 1375
5812979294 1376
5812979296 1377
5812979298 1378
5812979299 1379
5812979301 1380
5812979306 1381
5812979307 1382
5812979308 1383
5812979309 1384
5812979311 1385
5812979312 1386
5812979314 1387
5812979326 1388
5812979371 1389
5812979408 1390
5812979494 1391
5812979502 1392
5812979531 1393
5812979532 1394
5812979558 1395
5812979560 1396
5812979616 1397
5812979619 1398
5812979634 1399
5812979635 1400
5812979639 1401
5812979667 1402
5812979693 1403
5812980016 1404
5812980179 1405
5812980192 1406
5812980207 1407
5812980209 1408
5812980212 1409
5812980219 1410
5812980220 1411
5812980222 1412
5812980282 1413
5812980289 1414
5812980351 1415
5812980369 1416
5812980370 1417
5812980376 1418
5812980378 1419
5812980379 1420
5812980386 1421
5812980393 1422
5812980395 1423
5812980397 1424
5812980398 1425
5812980404 1426
5812980408 1427
5812980410 1428
5812980414 1429
5812980425 1430
5812980426 1431
5812980428 1432
5812980432 1433
5812980438 1434
5812980444 1435
5812980446 1436
5812980448 1437
5812980520 1438
5812980537 1439
5812980555 1440
5812980557 1441
5812980561 1442
5812980566 1443
5812980567 1444
5812980569 1445
5812980579 1446
5812980580 1447
5812980588 1448
5812980590 1449
5812980593 1450
5812980594 1451
5812980597 1452
5812980599 1453
5812980600 1454
5812980611 1455
5812980615 1456
5812980618 1457
5812980624 1458
5812980638 1459
5812980662 1460
5812980746 1461
5812980768 1462
5812980787 1463
5812980792 1464
5812980796 1465
5812980798 1466
5812980799 1467
5812980802 1468
5812980803 1469
5812980806 1470
5812980811 1471
5812980813 1472
5812980884 1473
5812980892 1474
5812980931 1475
5812980934 1476
5812980938 1477
5812980940 1478
5812980944 1479
5812980947 1480
5812980965 1481
5812980973 1482
5812980977 1483
5812980992 1484
5812981038 1485
5812981039 1486
5812981042 1487
5812981046 1488
5812981058 1489
5812981068 1490
5812981071 1491
5812981072 1492
5812981086 1493
5812981104 1494
5812981106 1495
5812981109 1496
5812981120 1497
5812981127 1498
5812981136 1499
5812981141 1500
5812981142 1501
5812981148 1502
5812981153 1503
5812981154 1504
5812981160 1505
5812981164 1506
5812981227 1507
5812981264 1508
5812981270 1509
5812981274 1510
5812981275 1511
5812981277 1512
5812981279 1513
5812981290 1514
5812981308 1515
5812981318 1516
5812981320 1517
5812981322 1518
5812981327 1519
5812981332 1520
5812981333 1521
5812981339 1522
5812981340 1523
5812981341 1524
5812981348 1525
5812981356 1526
5812981357 1527
5812981359 1528
5812981361 1529
5812981363 1530
5812981364 1531
5812981365 1532
5812981373 1533
5812981379 1534
5812981381 1535
5812981390 1536
5812981399 1537
5812981400 1538
5812981401 1539
5812981432 1540
5812981441 1541
5812981467 1542
5812981543 1543
5812981553 1544
5812981563 1545
5812981564 1546
5812981569 1547
5812981570 1548
5812981578 1549
5812981581 1550
5812981582 1551
5812981586 1552
5812981590 1553
5812981602 1554
5812981607 1555
5812981616 1556
5812981618 1557
5812981619 1558
5812981641 1559
5812981643 1560
5812981654 1561
5812981667 1562
5812981669 1563
5812981670 1564
5812981671 1565
5812981673 1566
5812981676 1567
5812981679 1568
5812981680 1569
5812981689 1570
5812981690 1571
5812981702 1572
5812981703 1573
5812981704 1574
5812981706 1575
5812981717 1576
5812981763 1577
5812981796 1578
5812981797 1579
5812981800 1580
5812981816 1581
5812981853 1582
5812981858 1583
5812981895 1584
5812981924 1585
5812981932 1586
5812981943 1587
5812981944 1588
5812981947 1589
5812981950 1590
5812981951 1591
5812981960 1592
5812981961 1593
5812981962 1594
5812981965 1595
5812981970 1596
5812981971 1597
5812981978 1598
5812981986 1599
5812981989 1600
5812981990 1601
5812982000 1602
5812982011 1603
5812982012 1604
5812982017 1605
5812982020 1606
5812982072 1607
5812982086 1608
5812982087 1609
5812982088 1610
5812982091 1611
5812982118 1612
5812982120 1613
5812982125 1614
5812982145 1615
5812982149 1616
5812982154 1617
5812982162 1618
5812982168 1619
5812982177 1620
5812982192 1621
5812982198 1622
5812982200 1623
5812982204 1624
5812982205 1625
5812982211 1626
5812982216 1627
5812982220 1628
5812982252 1629
5812982273 1630
5812982316 1631
5812982328 1632
5812982329 1633
5812982347 1634
5812982350 1635
5812982371 1636
5812982372 1637
5812982374 1638
5812982388 1639
5812982389 1640
5812982390 1641
5812982397 1642
5812982403 1643
5812982420 1644
5812982421 1645
5812982422 1646
5812982426 1647
5812982429 1648
5812982430 1649
5812982436 1650
5812982437 1651
5812982442 1652
5812982466 1653
5812982470 1654
5812982471 1655
5812982490 1656
5812982492 1657
5812982505 1658
5812982506 1659
5812982514 1660
5812982520 1661
5812982521 1662
5812982529 1663
5812982530 1664
5812982532 1665
5812982547 1666
5812982556 1667
5812982562 1668
5812982566 1669
5812982577 1670
5812982578 1671
5812982579 1672
5812982589 1673
5812982594 1674
5812982602 1675
5812982610 1676
5812982620 1677
5812982657 1678
5812982692 1679
5812982694 1680
5812982706 1681
5812982725 1682
5812982727 1683
5812982760 1684
5812982761 1685
5812982766 1686
5812982779 1687
5812982780 1688
5812982782 1689
5812982795 1690
5812982802 1691
5812982803 1692
5812982823 1693
5812982825 1694
5812982826 1695
5812982832 1696
5812982837 1697
5812982871 1698
5812982872 1699
5812982874 1700
5812982875 1701
5812982876 1702
5812982877 1703
5812982924 1704
5812982925 1705
5812982999 1706
5812983003 1707
5812983006 1708
5812983009 1709
5812983012 1710
5812983023 1711
5812983028 1712
5812983038 1713
5812983042 1714
5812983043 1715
5812983101 1716
5812983106 1717
5812983107 1718
5812983112 1719
5812983114 1720
5812983131 1721
5812983133 1722
5812983134 1723
5812983147 1724
5812983152 1725
5812983166 1726
5812983174 1727
5812983192 1728
5812983199 1729
5812983200 1730
5812983206 1731
5812983213 1732
5812983268 1733
5812983272 1734
5812983298 1735
5812983302 1736
5812983303 1737
5812983309 1738
5812983310 1739
5812983319 1740
5812983321 1741
5812983322 1742
5812983323 1743
5812983328 1744
5812983330 1745
5812983337 1746
5812983345 1747
5812983346 1748
5812983383 1749
5812983399 1750
5812983418 1751
5812983423 1752
5812983427 1753
5812983429 1754
5812983438 1755
5812983448 1756
5812983451 1757
5812983454 1758
5812983455 1759
5812983522 1760
5812983526 1761
5812983528 1762
5812983533 1763
5812983544 1764
5812983569 1765
5812983571 1766
5812983575 1767
5812983576 1768
5812983578 1769
5812983579 1770
5812983608 1771
5812983645 1772
5812983646 1773
5812983657 1774
5812983658 1775
5812983673 1776
5812983745 1777
5812983827 1778
5812983837 1779
5812983851 1780
5812983861 1781
5812983866 1782
5812983869 1783
5812983871 1784
5812983898 1785
5812983899 1786
5812983903 1787
5812983942 1788
5812984045 1789
5812987762 1790
5812989173 1791
5812989588 1792
5812996052 1793
5812997518 1794
5813000276 1795
5813010180 1796
5813010617 1797
5813011555 1798
5813011660 1799
5813011717 1800
5813011738 1801
5813014858 1802
5813016743 1803
5813017508 1804
5813019513 1805
5813019543 1806
5813019607 1807
5813019609 1808
5813019763 1809
5813019770 1810
5813019772 1811
5813019774 1812
5813019779 1813
5813019801 1814
5813019807 1815
5813019850 1816
5813019908 1817
5813019917 1818
5813019976 1819
5813019982 1820
5813020041 1821
5813020046 1822
5813020047 1823
5813020052 1824
5813020057 1825
5813020061 1826
5813020068 1827
5813020089 1828
5813020132 1829
5813020136 1830
5813020271 1831
5813020274 1832
5813020288 1833
5813020424 1834
5813020473 1835
5813020491 1836
5813020493 1837
5813020673 1838
5813020828 1839
5813020830 1840
5813020831 1841
5813020988 1842
5813020996 1843
5813021016 1844
5813021017 1845
5813021019 1846
5813021023 1847
5813021033 1848
5813021135 1849
5813021174 1850
5813021183 1851
5813021251 1852
5813021261 1853
5813021263 1854
5813021273 1855
5813021275 1856
5813021277 1857
5813021289 1858
5813021291 1859
5813021292 1860
5813021294 1861
5813021296 1862
5813021301 1863
5813021303 1864
5813021304 1865
5813021311 1866
5813021312 1867
5813021313 1868
5813021314 1869
5813021315 1870
5813021316 1871
5813021319 1872
5813021326 1873
5813021332 1874
5813021336 1875
5813021341 1876
5813021363 1877
5813021379 1878
5813021380 1879
5813021382 1880
5813021386 1881
5813021397 1882
5813021399 1883
5813021400 1884
5813021401 1885
5813021404 1886
5813021411 1887
5813021415 1888
5813021417 1889
5813021441 1890
5813021446 1891
5813021447 1892
5813021449 1893
5813021452 1894
5813021463 1895
5813021464 1896
5813021465 1897
5813021469 1898
5813021471 1899
5813021474 1900
5813021482 1901
5813021615 1902
5813021642 1903
5813021645 1904
5813021647 1905
5813021659 1906
5813021666 1907
5813021736 1908
5813021748 1909
5813021766 1910
5813021772 1911
5813021778 1912
5813021779 1913
5813021781 1914
5813021786 1915
5813021788 1916
5813021792 1917
5813021799 1918
5813021805 1919
5813021806 1920
5813021808 1921
5813021809 1922
5813021812 1923
5813021822 1924
5813021828 1925
5813021829 1926
5813021832 1927
5813021844 1928
5813021848 1929
5813021856 1930
5813021865 1931
5813021874 1932
5813021882 1933
5813021899 1934
5813021904 1935
5813021922 1936
5813021989 1937
5813021999 1938
5813022037 1939
5813022042 1940
5813022049 1941
5813022050 1942
5813022054 1943
5813022060 1944
5813022076 1945
5813022117 1946
5813022119 1947
5813022133 1948
5813022175 1949
5813022199 1950
5813022201 1951
5813022203 1952
5813022207 1953
5813022210 1954
5813022212 1955
5813022232 1956
5813022234 1957
5813022239 1958
5813022267 1959
5813022341 1960
5813022352 1961
5813022404 1962
5813022424 1963
5813022792 1964
5813022896 1965
5813024601 1966
5813024710 1967
5813024712 1968
5813024799 1969
5813027400 1970
5813027460 1971
5813027518 1972
5813027584 1973
5813027592 1974
5813027704 1975
5813027747 1976
5813031268 1977
5813032245 1978
5813032504 1979
5813032512 1980
5813032514 1981
5813032541 1982
5813032552 1983
5813032554 1984
5813032593 1985
5813032694 1986
5813032702 1987
5813032734 1988
5813032759 1989
5813032771 1990
5813032782 1991
5813032811 1992
5813032813 1993
5813032868 1994
5813032874 1995
5813032876 1996
5813032887 1997
5813032896 1998
5813032900 1999
5813032943 2000
5813032946 2001
5813032967 2002
5813032997 2003
5813033000 2004
5813033009 2005
5813033012 2006
5813033033 2007
5813033059 2008
5813033065 2009
5813033086 2010
5813033125 2011
5813033127 2012
5813033144 2013
5813033196 2014
5813033208 2015
5813033215 2016
5813033226 2017
5813033259 2018
5813033267 2019
5813033277 2020
5813033312 2021
5813033314 2022
5813034571 2023
5813035267 2024
5813035275 2025
5813035318 2026
5813035558 2027
5813035612 2028
5813035613 2029
5813035700 2030
5813038793 2031
5813038889 2032
5813039235 2033
5813039315 2034
5813039465 2035
5813039471 2036
5813040171 2037
5813040205 2038
5813040492 2039
5813040515 2040
5813040731 2041
5813040887 2042
5813040892 2043
5813040941 2044
5813041206 2045
5813042616 2046
5813042659 2047
5813047220 2048
5813047221 2049
5813047662 2050
5813047676 2051
5813047683 2052
5813047774 2053
5813047784 2054
5813047790 2055
5813048214 2056
5813049834 2057
5813049920 2058
5813049966 2059
5813050727 2060
5813050729 2061
5813050765 2062
5813050818 2063
5813050820 2064
5813052909 2065
5813053821 2066
5813053878 2067
5813053885 2068
5813053886 2069
5813053888 2070
5813053935 2071
5813053937 2072
5813054085 2073
5813054086 2074
5813054342 2075
5813054343 2076
5813054643 2077
5813054697 2078
5813055025 2079
5813055048 2080
5813055147 2081
5813055162 2082
5813055180 2083
5813055184 2084
5813055889 2085
5813055914 2086
5813055916 2087
5813055923 2088
5813055924 2089
5813056020 2090
5813056028 2091
5813056072 2092
5813056110 2093
5813056120 2094
5813056121 2095
5813056180 2096
5813056183 2097
5813056205 2098
5813056234 2099
5813056299 2100
5813056300 2101
5813056305 2102
5813056307 2103
5813056309 2104
5813056311 2105
5813056313 2106
5813056327 2107
5813056344 2108
5813056355 2109
5813056372 2110
5813056383 2111
5813056390 2112
5813056395 2113
5813056414 2114
5813056596 2115
5813057132 2116
5813057187 2117
5813057191 2118
5813057210 2119
5813057213 2120
5813057227 2121
5813057239 2122
5813057468 2123
5813057573 2124
5813057675 2125
5813057867 2126
5813057869 2127
5813057942 2128
5813057947 2129
5813057956 2130
5813057959 2131
5813058028 2132
5813058048 2133
5813058069 2134
5813058106 2135
5813058137 2136
5813058163 2137
5813058215 2138
5813058310 2139
5813058320 2140
5813058431 2141
5813059951 2142
5813060614 2143
5813060643 2144
5813060663 2145
5813060774 2146
5813060776 2147
5813060798 2148
5813060799 2149
5813060811 2150
5813060812 2151
5813060817 2152
5813061044 2153
5813061112 2154
5813061200 2155
5813061212 2156
5813061260 2157
5813061560 2158
5813061597 2159
5813061625 2160
5813061879 2161
5813061888 2162
5813062225 2163
5813062565 2164
5813062617 2165
5813062631 2166
5813062635 2167
5813062637 2168
5813062645 2169
5813062830 2170
5813062838 2171
5813062842 2172
5813062850 2173
5813062858 2174
5813062862 2175
5813063140 2176
5813063224 2177
5813063229 2178
5813063239 2179
5813063280 2180
5813063449 2181
5813063527 2182
5813064332 2183
5813064410 2184
5813064427 2185
5813064793 2186
5813065308 2187
5813065443 2188
5813065587 2189
5813067708 2190
5813067728 2191
5813067736 2192
5813067761 2193
5813067765 2194
5813067779 2195
5813067792 2196
5813067793 2197
5813067795 2198
5813067817 2199
5813067826 2200
5813067833 2201
5813067836 2202
5813067858 2203
5813067869 2204
5813068669 2205
5813068687 2206
5813068690 2207
5813068692 2208
5813068700 2209
5813068729 2210
5813068743 2211
5813068752 2212
5813068969 2213
5813068984 2214
5813069089 2215
5813069096 2216
5813069114 2217
5813069379 2218
5813069385 2219
5813069387 2220
5813069447 2221
5813069792 2222
5813069965 2223
5813069977 2224
5813070270 2225
5813070369 2226
5813070581 2227
5813070672 2228
5813070872 2229
5813070991 2230
5813071348 2231
5813071406 2232
5813071409 2233
5813075020 2234
5813075202 2235
5813075824 2236
5813075855 2237
5813077572 2238
5813077575 2239
5813077579 2240
5813077582 2241
5813077583 2242
5813077589 2243
5813077607 2244
5813077610 2245
5813077611 2246
5813077613 2247
5813077616 2248
5813078053 2249
5813078064 2250
5813078179 2251
5813078323 2252
5813078499 2253
5813078504 2254
5813078507 2255
5813078552 2256
5813078555 2257
5813078595 2258
5813078603 2259
5813078679 2260
5813078684 2261
5813079004 2262
5813079050 2263
5813079174 2264
5813079228 2265
5813079489 2266
5813080254 2267
5813080343 2268
5813080766 2269
5813080842 2270
5813081174 2271
5813081175 2272
5813081176 2273
5813081511 2274
5813081797 2275
5813082175 2276
5813082459 2277
5813082811 2278
5813082847 2279
5813083651 2280
5813083719 2281
5813083779 2282
5813083990 2283
5813084505 2284
5813084692 2285
5813085240 2286
5813086212 2287
5813087453 2288
5813087798 2289
5813087817 2290
5813087831 2291
5813088058 2292
5813088767 2293
5813089504 2294
5813089804 2295
5813090605 2296
5813090861 2297
5813090947 2298
5813090976 2299
5813090997 2300
5813091021 2301
5813091211 2302
5813091313 2303
5813091420 2304
5813091744 2305
5813091758 2306
5813092931 2307
5813093014 2308
5813093111 2309
5813093171 2310
5813093544 2311
5813093847 2312
5813094364 2313
5813094592 2314
5813094743 2315
5813095018 2316
5813095238 2317
5813095472 2318
5813095523 2319
5813095915 2320
5813096129 2321
5813096260 2322
5813096281 2323
5813096528 2324
5813096699 2325
5813097926 2326
5813098738 2327
5813098776 2328
5813099399 2329
5813099783 2330
5813100896 2331
5813101387 2332
5813102642 2333
5813104095 2334
5813104096 2335
5813105172 2336
5813105726 2337
5813105778 2338
5813106192 2339
5813106497 2340
5813109913 2341
5813109941 2342
5813110133 2343
5813110152 2344
5813110161 2345
5813110238 2346
5813110459 2347
5813110639 2348
5813110928 2349
5813111042 2350
5813112511 2351
5813113782 2352
5813114253 2353
5813114700 2354
5813114971 2355
5813116530 2356
5813117385 2357
5813123342 2358
5813123501 2359
5813124740 2360
5813127030 2361
5813128649 2362
5813128857 2363
5813129453 2364
5813133407 2365
5813134052 2366
581332573 2367
581336531 2368
581621335 2369
581633934 2370
581634271 2371
581678043 2372
582101022 2373
582139830 2374
582148591 2375
582355376 2376
583175492 2377
5901118896 2378
5901119177 2379
5901120254 2380
5901120279 2381
5901120450 2382
5901193485 2383
5901193671 2384
5901195498 2385
5901196446 2386
5901196925 2387
5901197726 2388
5901198074 2389
5901198345 2390
5901198538 2391
5901198547 2392
5901200337 2393
5901202076 2394
5901202102 2395
5901204896 2396
5901205545 2397
5901205770 2398
5901207528 2399
5901208278 2400
5901208549 2401
5901209758 2402
5901210064 2403
5901212541 2404
5901212906 2405
5901213440 2406
5901217787 2407
5901218930 2408
5901219465 2409
5901221274 2410
5901222910 2411
5901224561 2412
5901225361 2413
5901227104 2414
5901227537 2415
5901231246 2416
599674785 2417
600011602 2418
600356751 2419
600365719 2420
600667501 2421
600684832 2422
600689582 2423
600693904 2424
600702348 2425
600702483 2426
600965298 2427
600978553 2428
601047826 2429
601047827 2430
601047853 2431
601302278 2432
601315273 2433
601319398 2434
601323921 2435
601388689 2436
601712754 2437
601725442 2438
601725569 2439
602118253 2440
602459169 2441
602459213 2442
602459682 2443
602476655 2444
602808843 2445
602809029 2446
602999843 2447
603422422 2448
603785283 2449
604070461 2450
604368022 2451
604709727 2452
604731022 2453
605775210 2454
606090268 2455
607898830 2456
608240943 2457
608628936 2458
608891515 2459
608926849 2460
609941228 2461
610274029 2462
610274046 2463
610312734 2464
610618198 2465
610968248 2466
610981555 2467
611037750 2468
611300533 2469
611304789 2470
611305085 2471
611309194 2472
611323175 2473
611629428 2474
611646050 2475
611646132 2476
611646147 2477
611974080 2478
612323667 2479
612371421 2480
612414168 2481
612422902 2482
612440702 2483
612638791 2484
612668833 2485
612669205 2486
612703762 2487
612738462 2488
612742165 2489
612742248 2490
612755343 2491
613044611 2492
613079053 2493
613083359 2494
613083375 2495
613398716 2496
613719036 2497
613835634 2498
613847777 2499
630373425 2500
630373497 2501
630377642 2502
630381662 2503
630381893 2504
630714299 2505
630722830 2506
630722941 2507
630722975 2508
630727056 2509
630731599 2510
630748479 2511
631051012 2512
631051057 2513
631055506 2514
631059587 2515
631064055 2516
631374662 2517
631396256 2518
631396453 2519
631396532 2520
631400190 2521
631400288 2522
631400598 2523
631400622 2524
631400693 2525
631422121 2526
631422224 2527
631728731 2528
631733127 2529
631737164 2530
631737330 2531
631737380 2532
631741308 2533
631741483 2534
632013356 2535
632017828 2536
632048075 2537
632069728 2538
632069757 2539
632069851 2540
632082635 2541
632086737 2542
632091116 2543
632337289 2544
632341464 2545
632397510 2546
632397750 2547
632397780 2548
632397786 2549
632397798 2550
632402333 2551
632734572 2552
632764978 2553
632808044 2554
633144545 2555
633148704 2556
633148716 2557
633148859 2558
633149039 2559
633149202 2560
633498748 2561
633793553 2562
634069028 2563
635062078 2564
635109166 2565
635416407 2566
636594376 2567
636789080 2568
638472166 2569
638481581 2570
638930511 2571
639452632 2572
640281116 2573
640471815 2574
640630581 2575
641157199 2576
641653381 2577
641688553 2578
641709938 2579
642335523 2580
642335553 2581
642516892 2582
642664141 2583
642680823 2584
642680826 2585
642680853 2586
642680881 2587
642680969 2588
642681035 2589
642689607 2590
642723975 2591
642732835 2592
643142863 2593
643362770 2594
643363111 2595
643501489 2596
643523134 2597
643535876 2598
643703819 2599
643739027 2600
643794320 2601
644118254 2602
644148647 2603
644148705 2604
644152981 2605
644417074 2606
644870768 2607
644896959 2608
645090294 2609
645224664 2610
660730340 2611
661076014 2612
661080007 2613
661084049 2614
661395129 2615
661399477 2616
661407917 2617
661408056 2618
661408094 2619
661421129 2620
661430106 2621
661430179 2622
661740600 2623
661740651 2624
661757811 2625
661766416 2626
662081640 2627
662081902 2628
662085486 2629
662085792 2630
662089919 2631
662094168 2632
662103124 2633
662107551 2634
662107593 2635
662366170 2636
662409505 2637
662409582 2638
662414157 2639
662418320 2640
662452625 2641
662456848 2642
662461539 2643
662711769 2644
662728826 2645
662754991 2646
662763626 2647
662763904 2648
662767770 2649
662772373 2650
662772393 2651
662776660 2652
662789529 2653
662802782 2654
662806790 2655
662806818 2656
663044088 2657
663091787 2658
663130304 2659
663134970 2660
663432544 2661
663493162 2662
663791170 2663
663834152 2664
664141134 2665
664184060 2666
664187932 2667
664188056 2668
664188083 2669
664188108 2670
664188129 2671
664188211 2672
664511977 2673
666135689 2674
666843305 2675
666847851 2676
667189309 2677
667266529 2678
667486204 2679
667538952 2680
670651584 2681
670970540 2682
671005363 2683
672006007 2684
672352543 2685
672598344 2686
673029543 2687
673085197 2688
673366098 2689
673366263 2690
673370525 2691
673509195 2692
673702721 2693
673715784 2694
673776769 2695
674056647 2696
674056882 2697
674100160 2698
674393414 2699
674398014 2700
674519060 2701
674738872 2702
674807824 2703
675144948 2704
675451588 2705
675468771 2706
675528661 2707
675602461 2708
675763039 2709
676263239 2710
676612729 2711
676616719 2712
691760950 2713
692093440 2714
692110379 2715
692119287 2716
692430198 2717
692434135 2718
692775807 2719
692775814 2720
692792746 2721
692810011 2722
692818786 2723
692818802 2724
693034103 2725
693099031 2726
693099064 2727
693099102 2728
693099142 2729
693112035 2730
693116214 2731
693116396 2732
693121000 2733
693125004 2734
693125078 2735
693133603 2736
693159855 2737
693448777 2738
693453332 2739
693479072 2740
693483018 2741
693487880 2742
693500431 2743
693500652 2744
693785353 2745
693785371 2746
693785633 2747
693785740 2748
693785780 2749
693790141 2750
693794431 2751
693837780 2752
693841887 2753
693841929 2754
693846112 2755
693927941 2756
694126781 2757
694126800 2758
694139687 2759
694147949 2760
694160985 2761
694174226 2762
694524222 2763
694834412 2764
694839156 2765
694847240 2766
694847248 2767
695124651 2768
695862470 2769
696082279 2770
696540624 2771
696829800 2772
696850811 2773
696881909 2774
697132371 2775
697485362 2776
697886966 2777
698508565 2778
698970725 2779
699031185 2780
700321894 2781
701923413 2782
702692200 2783
702704906 2784
703387200 2785
704409534 2786
704409742 2787
704466265 2788
704742082 2789
704746449 2790
704746457 2791
704750475 2792
704750665 2793
704750673 2794
704750742 2795
704750766 2796
704750842 2797
704759205 2798
704816317 2799
705082892 2800
705091521 2801
705091769 2802
705091939 2803
705432638 2804
705432922 2805
705462899 2806
705774051 2807
706819341 2808
706840303 2809
707647321 2810
707660374 2811
7112624728 2812
7112625241 2813
7112625242 2814
7112625255 2815
7112625445 2816
7112626196 2817
722450065 2818
722463321 2819
722467632 2820
722467714 2821
722471778 2822
722471825 2823
722817260 2824
722821616 2825
723123991 2826
723128414 2827
723153828 2828
723158245 2829
723167312 2830
723469488 2831
723495119 2832
723508068 2833
723508086 2834
723508095 2835
723508162 2836
723810015 2837
723848801 2838
723849351 2839
723853340 2840
724133866 2841
724134138 2842
724134170 2843
724138359 2844
724142845 2845
724151343 2846
724449040 2847
724488194 2848
724488362 2849
724522447 2850
724531411 2851
724763999 2852
724816115 2853
724816217 2854
724820565 2855
724820813 2856
724825187 2857
724829211 2858
724841759 2859
724867606 2860
724867917 2861
724876683 2862
724885340 2863
725174424 2864
725200110 2865
725217343 2866
725860918 2867
726207450 2868
726551439 2869
727472481 2870
729219639 2871
729867599 2872
729957687 2873
730562988 2874
731071789 2875
731689147 2876
732038980 2877
733036127 2878
733316908 2879
733458828 2880
733796382 2881
733920949 2882
734944881 2883
735112319 2884
735134301 2885
735282133 2886
735470654 2887
735600320 2888
735785459 2889
735785541 2890
735785583 2891
735785639 2892
735785741 2893
735790008 2894
735941254 2895
736117977 2896
736122569 2897
736126563 2898
736126644 2899
736126668 2900
736126717 2901
736126732 2902
736126746 2903
736173896 2904
736463614 2905
736467526 2906
736467640 2907
736808522 2908
736808904 2909
736813212 2910
737149820 2911
737149964 2912
737150041 2913
737167616 2914
737491062 2915
738155917 2916
738531654 2917
739572008 2918
753485486 2919
753489735 2920
753489892 2921
753489951 2922
753506746 2923
753839564 2924
753847960 2925
753852265 2926
753852396 2927
753852432 2928
754150161 2929
754154720 2930
754163207 2931
754184667 2932
754188911 2933
754188980 2934
754197850 2935
754202022 2936
754206396 2937
754473844 2938
754486618 2939
754491144 2940
754525744 2941
754534424 2942
754538763 2943
754538881 2944
754542738 2945
754547386 2946
754832123 2947
754854077 2948
754870859 2949
754879354 2950
754883860 2951
754884149 2952
754893183 2953
755173189 2954
755173211 2955
755177787 2956
755177942 2957
755224854 2958
755229523 2959
755234235 2960
755518957 2961
755527664 2962
755544921 2963
755851102 2964
755868550 2965
755898463 2966
756196285 2967
756196541 2968
756502912 2969
756567539 2970
756585129 2971
756601858 2972
756870190 2973
756904685 2974
759810119 2975
759960572 2976
760570054 2977
760690116 2978
761938645 2979
762982753 2980
763730414 2981
765457262 2982
766298734 2983
766476379 2984
766493391 2985
766820559 2986
766838498 2987
767161652 2988
767161677 2989
767174553 2990
767473384 2991
767494105 2992
767502579 2993
767502627 2994
767502639 2995
767502657 2996
767502667 2997
767671354 2998
767852204 2999
767878191 3000
768184496 3001
768184604 3002
768184623 3003
768188877 3004
768525593 3005
768525608 3006
768525647 3007
768555687 3008
768884949 3009
769018494 3010
769721865 3011
770692923 3012
784204967 3013
784533172 3014
784541732 3015
784541854 3016
784844007 3017
784844107 3018
784844112 3019
784844115 3020
784848362 3021
784848513 3022
784882707 3023
784895866 3024
785189156 3025
785189253 3026
785198372 3027
785232629 3028
785232649 3029
785456671 3030
785521487 3031
785521517 3032
785525736 3033
785525842 3034
785573850 3035
785582643 3036
785888696 3037
785914742 3038
785918827 3039
785918963 3040
786221078 3041
786260089 3042
786273199 3043
786929029 3044
787227302 3045
787564556 3046
787572767 3047
787637263 3048
787908929 3049
787909611 3050
788306624 3051
788306724 3052
788648194 3053
789934899 3054
790305346 3055
790922968 3056
791298858 3057
792019471 3058
792023887 3059
792040520 3060
792368888 3061
792692885 3062
794963206 3063
795814655 3064
796431821 3065
796836697 3066
797187575 3067
797514653 3068
797687628 3069
797855394 3070
798027992 3071
798192091 3072
798192115 3073
798192162 3074
798196366 3075
798196389 3076
798196454 3077
798196461 3078
798356481 3079
798528850 3080
798533259 3081
798537392 3082
798537456 3083
798537538 3084
798537580 3085
798537638 3086
798537701 3087
798585556 3088
798693540 3089
798869986 3090
798874090 3091
798892246 3092
798908816 3093
799215269 3094
799219511 3095
799219795 3096
799362484 3097
799560834 3098
799578347 3099
799586652 3100
799901370 3101
799906141 3102
799919294 3103
800264315 3104
800622401 3105
800743420 3106
815222743 3107
815240159 3108
815568065 3109
815580911 3110
815585355 3111
815598761 3112
815909099 3113
815921891 3114
815922095 3115
815922112 3116
815926323 3117
815926332 3118
815926346 3119
815930761 3120
816219578 3121
816219622 3122
816219675 3123
816254592 3124
816263443 3125
816276055 3126
816276925 3127
816613438 3128
816962833 3129
817294806 3130
817299301 3131
817307776 3132
817985849 3133
817993932 3134
817993980 3135
818637585 3136
818983130 3137
819013231 3138
820662203 3139
821003563 3140
822004733 3141
822009511 3142
822687493 3143
822708945 3144
829015629 3145
829231385 3146
829231457 3147
829235909 3148
829261936 3149
829279239 3150
829379400 3151
829568160 3152
829572252 3153
829572451 3154
829572494 3155
829572544 3156
829593966 3157
829598814 3158
829939688 3159
830276571 3160
830419511 3161
830586919 3162
830634936 3163
831273286 3164
831295271 3165
834044577 3166
846270628 3167
846602958 3168
846611449 3169
846611908 3170
846616006 3171
846616159 3172
846620223 3173
846620287 3174
846952407 3175
846952683 3176
847250148 3177
847254513 3178
847254536 3179
847254566 3180
847254581 3181
847276625 3182
847293869 3183
847297956 3184
847297982 3185
847302850 3186
847320165 3187
847595544 3188
847595624 3189
847989021 3190
848287126 3191
848299650 3192
848316930 3193
848321392 3194
848330091 3195
848334569 3196
848662421 3197
848662441 3198
848666732 3199
848666776 3200
848692583 3201
849370246 3202
849370258 3203
849650764 3204
849685478 3205
849707224 3206
849992080 3207
850375847 3208
850388928 3209
851459972 3210
852724544 3211
852751415 3212
853717974 3213
858725815 3214
858937324 3215
859265651 3216
859618655 3217
859735285 3218
859765252 3219
859925004 3220
860257495 3221
860261985 3222
860265987 3223
860266014 3224
860266062 3225
860266123 3226
860266309 3227
860266346 3228
860266377 3229
860266404 3230
860603005 3231
860607168 3232
860607367 3233
860607450 3234
860607455 3235
860607480 3236
860607503 3237
860944055 3238
860983686 3239
861280857 3240
861285145 3241
861630613 3242
861634934 3243
861665641 3244
862312670 3245
862671913 3246
862705904 3247
877313996 3248
877318574 3249
877659583 3250
877659673 3251
877974490 3252
877982991 3253
877987539 3254
877987901 3255
877992236 3256
877992303 3257
878324222 3258
878324438 3259
878333234 3260
878333333 3261
878337317 3262
878346778 3263
878652627 3264
878670047 3265
878687095 3266
878691744 3267
879023901 3268
879032295 3269
880055173 3270
880055625 3271
880383629 3272
880404940 3273
880409455 3274
881005404 3275
881057369 3276
882062667 3277
883414342 3278
887105351 3279
890118683 3280
890614937 3281
891301236 3282
891301315 3283
891629070 3284
891637860 3285
891642176 3286
891642215 3287
891642281 3288
891642345 3289
891978843 3290
892385258 3291
893149866 3292
893158121 3293
893338749 3294
893347461 3295
893688605 3296
893710296 3297
893805187 3298
894020730 3299
894551935 3300
895441451 3301
908340253 3302
908353540 3303
908668340 3304
908668522 3305
908668556 3306
908685688 3307
908685859 3308
908689934 3309
908690107 3310
908699052 3311
909026561 3312
909026992 3313
909030970 3314
909368173 3315
909372586 3316
909372602 3317
909372616 3318
909704857 3319
909713374 3320
909717461 3321
909730907 3322
909730911 3323
910063154 3324
910063307 3325
910386568 3326
910395181 3327
910395212 3328
910404284 3329
910412830 3330
911094343 3331
911332304 3332
911400981 3333
911409576 3334
911755444 3335
911759695 3336
912601209 3337
912951014 3338
915605943 3339
917450071 3340
922354084 3341
922677093 3342
922677121 3343
923013923 3344
923018247 3345
923018290 3346
923027316 3347
923359312 3348
923385340 3349
923700162 3350
923726321 3351
923869685 3352
924049792 3353
924429714 3354
924723528 3355
924737391 3356
925799233 3357
939030036 3358
939729237 3359
939729706 3360
939733452 3361
939733918 3362
939734122 3363
939734266 3364
939738364 3365
939738376 3366
939738399 3367
939738424 3368
939738473 3369
939738477 3370
939742503 3371
939742609 3372
940070913 3373
940075056 3374
940075464 3375
940079170 3376
940079253 3377
940079513 3378
940079568 3379
940079657 3380
940079771 3381
940083749 3382
940084011 3383
940084060 3384
940084095 3385
940084152 3386
940087822 3387
940420292 3388
940425106 3389
940425171 3390
940425232 3391
940748411 3392
940752707 3393
940757398 3394
940761352 3395
941102504 3396
941111195 3397
942763927 3398
942777202 3399
943118619 3400
943126891 3401
943809606 3402
943822621 3403
945311344 3404
945820710 3405
946495259 3406
952723817 3407
952724101 3408
953029783 3409
953410147 3410
953712141 3411
953755666 3412
954053018 3413
954053251 3414
954053261 3415
954222134 3416
954528474 3417
954730964 3418
955464899 3419
955591114 3420
956138930 3421
970772961 3422
970777114 3423
970777224 3424
971113967 3425
971118202 3426
971118588 3427
971118724 3428
971459227 3429
971770003 3430
972080542 3431
972128731 3432
972461072 3433
972810838 3434
973116931 3435
973146958 3436
973151229 3437
973470796 3438
973488234 3439
973816592 3440
974498400 3441
974498428 3442
974498485 3443
974498492 3444
974507006 3445
974839683 3446
974843875 3447
974843892 3448
975197713 3449
975518615 3450
980982986 3451
983759126 3452
984405805 3453
984449267 3454
984453829 3455
984536209 3456
984746802 3457
985429128 3458
985498292 3459
985826737 3460
986793149 3461
986828383 3462
987273073 3463
987997896 3464
988852391 3465
