1001453586 1
1003474104 2
1003474283 3
1003478461 4
1003504512 5
1003837184 6
1004514584 7
1004514714 8
1004527604 9
1004527691 10
1004527700 11
1005119041 12
1005174931 13
1005179264 14
1005179377 15
1005520576 16
1006258344 17
1007432816 18
1016114585 19
1016118449 20
1016118651 21
1016122913 22
1016123127 23
1016166622 24
1016166928 25
1016459595 26
1016805008 27
1016835041 28
1016839809 29
1017819398 30
1017880794 31
1017992752 32
1018164997 33
1018510191 34
1019024473 35
1019347828 36
1034197968 37
1034198388 38
1035557785 39
1035562328 40
1036546847 41
1036559440 42
1036559490 43
1036563762 44
1037293275 45
1046812283 46
1046816660 47
1047153433 48
1047157746 49
1047157958 50
1047183897 51
1047210325 52
1047489962 53
1047525093 54
1047835635 55
1048004460 56
1048172314 57
1048207713 58
1048215779 59
1048517845 60
1048854479 61
1049549402 62
1049549412 63
1050249677 64
1050585709 65
1051630846 66
1064891781 67
1067598881 68
1068272038 69
1068276312 70
1068613227 71
1068613231 72
1068613282 73
1068617431 74
1068954342 75
1068954391 76
1068958593 77
1068958652 78
1069295816 79
1069295830 80
1070332560 81
1072063538 82
1077847238 83
1077851524 84
1077851551 85
1078007730 86
1078525257 87
1078534091 88
1078534115 89
1078572735 90
1078693835 91
1078874826 92
1078875017 93
1079215685 94
1079707882 95
1080566792 96
1080579786 97
1080579985 98
1080580151 99
1081086613 100
1081434698 101
1081767446 102
1096919756 103
1097265345 104
1100675450 105
1100675497 106
1101012503 107
1101353948 108
1108541296 109
1108545472 110
1108545599 111
1109223365 112
1109568528 113
1109568718 114
1109957857 115
1110298200 116
1110307501 117
1110640084 118
1110937445 119
1110972158 120
1110985490 121
1111278454 122
1111615136 123
1111947403 124
1112125413 125
1127604950 126
1127941858 127
1129323248 128
1130687130 129
1131840673 130
1139667240 131
1139724251 132
1139724263 133
1139921468 134
1139921865 135
1140603698 136
1140655376 137
1140655624 138
1140950118 139
1140996390 140
1141000881 141
1141006088 142
1141009503 143
1141009899 144
1141010036 145
1141268794 146
1141290695 147
1141290835 148
1141324564 149
1141328881 150
1141329053 151
1141329227 152
1141337518 153
1141337557 154
1141337605 155
1141337629 156
1141337663 157
1141337757 158
1141342258 159
1141342260 160
1141342299 161
1141346217 162
1141346308 163
1141346462 164
1141346472 165
1141350537 166
1141630854 167
1141631198 168
1141631240 169
1141636055 170
1141636389 171
1141674495 172
1141678637 173
1141678665 174
1141678931 175
1141678948 176
1141682748 177
1141687128 178
1141687352 179
1141691881 180
1141692008 181
1141972158 182
1141972202 183
1141976953 184
1141977014 185
1141977071 186
1142011140 187
1142019737 188
1142019868 189
1142019878 190
1142024290 191
1142028710 192
1142356511 193
1142356576 194
1142360528 195
1142365351 196
1142658717 197
1142706421 198
1142994933 199
1143332046 200
1143340753 201
1143677310 202
1143686159 203
1159321889 204
1161731111 205
1162063500 206
1162399882 207
1164113870 208
1165465632 209
1169657925 210
1169661785 211
1169989698 212
1169989859 213
1169993905 214
1169999059 215
1170072753 216
1170076975 217
1170077088 218
1170077089 219
1170322501 220
1170326256 221
1170326295 222
1170335262 223
1170344185 224
1170348225 225
1170400248 226
1170404875 227
1170412847 228
1170413055 229
1170413092 230
1170413110 231
1170413179 232
1170413285 233
1170413293 234
1170413425 235
1170413431 236
1170417462 237
1170417467 238
1170417562 239
1170417693 240
1170417710 241
1170606692 242
1170667130 243
1170749579 244
1170753442 245
1170753611 246
1170753858 247
1170753959 248
1170754031 249
1170757913 250
1170757967 251
1170758186 252
1170762668 253
1171095158 254
1171104028 255
1171280441 256
1171431567 257
1171436073 258
1171617407 259
1171621616 260
1171621682 261
1171690432 262
1171704378 263
1171759765 264
1171772286 265
1171785552 266
1172031461 267
1172044382 268
1172053274 269
1172363878 270
1172372291 271
1172372382 272
1172372655 273
1172385513 274
1172441674 275
1172446050 276
1172446164 277
1172665846 278
1172670463 279
1172704683 280
1172713514 281
1172713521 282
1172730733 283
1172774470 284
1172796014 285
1173007139 286
1173011450 287
1173016042 288
1173045815 289
1173054679 290
1173063302 291
1173067651 292
1173072129 293
1173076392 294
1173076523 295
1173347968 296
1173391076 297
1173408617 298
1173417505 299
1173732234 300
1173745220 301
1173745330 302
1173745411 303
1173753977 304
1173814525 305
1174008477 306
1174077762 307
1174384118 308
1174410293 309
1174712037 310
1175070762 311
1190339995 312
1190340083 313
1191392918 314
1196854070 315
1200351169 316
1200351200 317
1200416059 318
1200416127 319
1200429271 320
1200683283 321
1200687716 322
1200687913 323
1200700424 324
1200743767 325
1200743811 326
1200743891 327
1200743892 328
1200748287 329
1200748356 330
1200752926 331
1200753147 332
1200753289 333
1201028519 334
1201032707 335
1201084940 336
1201084988 337
1201085068 338
1201085147 339
1201085163 340
1201089476 341
1201093707 342
1201093782 343
1201792863 344
1202060409 345
1202125326 346
1202397143 347
1202410042 348
1202462198 349
1202470836 350
1202673723 351
1202704262 352
1202737975 353
1202746942 354
1203066201 355
1203066222 356
1203066401 357
1203070528 358
1203420037 359
1203424360 360
1203433388 361
1203696415 362
1203709763 363
1203735428 364
1203756972 365
1203769621 366
1203769862 367
1203774485 368
1203774508 369
1203779116 370
1203783013 371
1204076441 372
1204124270 373
1204124281 374
1204175835 375
1204391417 376
1204443547 377
1204447548 378
1204547624 379
1204775735 380
1204784216 381
1204875505 382
1205090786 383
1205225146 384
1205453648 385
1206114100 386
1224137476 387
1224137495 388
1227534920 389
1231299343 390
1231441917 391
1231445949 392
1231446153 393
1231446378 394
1231450750 395
1231454981 396
1231459229 397
1231631777 398
1231718414 399
1231735257 400
1231744096 401
1231774505 402
1231778487 403
1231778565 404
1231787352 405
1231795989 406
1231800234 407
1232115209 408
1232141286 409
1232456585 410
1232654731 411
1233428010 412
1233436396 413
1233436426 414
1233436479 415
1233492573 416
1233501275 417
1233505806 418
1233703950 419
1233773217 420
1234226967 421
1234230912 422
1234386037 423
1234472633 424
1234481054 425
1234567424 426
1234571701 427
1234571727 428
1234571750 429
1234731487 430
1234800242 431
1234809285 432
1234904294 433
1234912616 434
1235115629 435
1235150293 436
1235750394 437
1236073998 438
1236419435 439
1236816635 440
1237814053 441
1261976425 442
1261989183 443
1262412229 444
1262424913 445
1262472724 446
1262476815 447
1262476941 448
1262477136 449
1262485643 450
1262485663 451
1262485710 452
1262485726 453
1262485740 454
1262485769 455
1262493935 456
1262494221 457
1262494423 458
1262498815 459
1262744824 460
1262809198 461
1262809316 462
1262809506 463
1262813853 464
1262817736 465
1262817992 466
1262822280 467
1262830840 468
1263098627 469
1263115934 470
1263150527 471
1263491233 472
1263832477 473
1264186300 474
1264371970 475
1265157632 476
1265261256 477
1265261328 478
1265261373 479
1265261383 480
1265852784 481
1266478519 482
1266832645 483
1266871604 484
1267164975 485
1267868586 486
1268861712 487
1289618098 488
1293451424 489
1293507172 490
1293507235 491
1293507539 492
1293511634 493
1293511688 494
1293511697 495
1293511727 496
1293516024 497
1293516188 498
1293524706 499
1293524890 500
1293524918 501
1293843986 502
1293844055 503
1293844319 504
1293848435 505
1293848553 506
1293852898 507
1293852908 508
1293878803 509
1293878882 510
1294185362 511
1294206758 512
1294465669 513
1294534661 514
1294543524 515
1295225451 516
1295501882 517
1295566429 518
1295847315 519
1295855722 520
1295955716 521
1296287376 522
1296291825 523
1296296160 524
1296524721 525
1297202769 526
1297556652 527
1297815807 528
1313496027 529
1324218580 530
1324222950 531
1324542324 532
1324551005 533
1324555206 534
1324559671 535
1324563972 536
1324564234 537
1324904932 538
1325073331 539
1325245970 540
1325250418 541
1326618995 542
1326623074 543
1326813363 544
1327494939 545
1327831724 546
1327831994 547
1328505485 548
1328513713 549
1328522741 550
1330275332 551
1354411526 552
1357999210 553
1358158733 554
1359212271 555
1359553384 556
1360308607 557
1376203864 558
1387497141 559
1387575003 560
1387579390 561
1387583729 562
1387583807 563
1388585088 564
1389189176 565
1390618359 566
1390942076 567
1390946364 568
1391969347 569
1392655948 570
1418273110 571
1418351262 572
1418618235 573
1418976540 574
1419019956 575
1420306364 576
1420651734 577
1420966843 578
1421666260 579
1442819296 580
1449662010 581
1449670372 582
1450011431 583
1450011990 584
1450581687 585
1451341240 586
1451695303 587
1451699682 588
1452317118 589
1484076853 590
1515418525 591
1536947502 592
1573792824 593
1609542060 594
1630051981 595
1639243580 596
1640594274 597
1670265016 598
1670934213 599
1692817033 600
1693154060 601
1700937093 602
1700946301 603
1702306047 604
1703683361 605
1727979406 606
1728315957 607
1733677514 608
1734350788 609
1734350908 610
1734420152 611
1755556097 612
1756579280 613
1764091241 614
1788300760 615
1793014716 616
1793351401 617
1796817841 618
1796818119 619
1797505019 620
1818307672 621
1825085656 622
1827473315 623
1827516355 624
1827861966 625
1828206773 626
1850706912 627
1850711304 628
1851061177 629
1851389175 630
1851393805 631
1856820042 632
1857148391 633
1857825571 634
1858171399 635
1881751117 636
1882083076 637
1887163927 638
1887872301 639
1888178718 640
1888213190 641
1888572074 642
1889253763 643
1889253785 644
1912777226 645
1912789965 646
1914140664 647
1914823337 648
1914823414 649
1917188956 650
1943811736 651
1944502935 652
1944507292 653
1975187675 654
1975878958 655
1977579449 656
1977916288 657
200326126 658
2010992546 659
2064165421 660
2069648663 661
2101391269 662
2166133204 663
264083994 664
268725517 665
268731005 666
294436967 667
295478082 668
298595394 669
299613480 670
300968622 671
300972942 672
301309622 673
301314150 674
301314154 675
301314208 676
301318641 677
326119769 678
326159907 679
327499164 680
328213824 681
328253133 682
328533761 683
328542218 684
328546871 685
328611004 686
328861282 687
329435390 688
329566174 689
330268940 690
330661529 691
331662668 692
331662710 693
331662717 694
331999156 695
331999213 696
332003372 697
332003629 698
332003730 699
332003895 700
332003899 701
332007728 702
332008063 703
332008082 704
332340127 705
332340236 706
332344539 707
332344592 708
332344670 709
332344760 710
332344908 711
332349228 712
332349327 713
332353106 714
332353336 715
332353438 716
332353566 717
332685594 718
332685751 719
332685755 720
332689776 721
332690153 722
333030976 723
333031114 724
333035349 725
333039671 726
354775482 727
354779890 728
355086967 729
356818390 730
356818551 731
357146296 732
357573154 733
359287673 734
359586213 735
359598627 736
359974171 737
360941147 738
362689128 739
362693077 740
362693473 741
362697657 742
362701764 743
362701875 744
362701895 745
362701969 746
363029976 747
363030024 748
363030040 749
363034174 750
363034211 751
363034407 752
363034501 753
363038752 754
363038831 755
363042781 756
363047222 757
363370708 758
363370913 759
363371001 760
363375247 761
363375408 762
363375475 763
363379387 764
363384083 765
363384090 766
363384138 767
363387921 768
363716151 769
363716303 770
363716362 771
363724985 772
363724996 773
363725096 774
363725201 775
363725228 776
363729312 777
363729314 778
363733406 779
364061776 780
364066029 781
364070309 782
364070517 783
364407023 784
364411143 785
385132611 786
385158577 787
386829647 788
387512128 789
387568523 790
387870860 791
388881226 792
389195896 793
389205204 794
389210230 795
390590450 796
390603428 797
392368893 798
393383025 799
393387426 800
393736822 801
393766777 802
394060556 803
394060620 804
394064790 805
394069210 806
394073547 807
394077610 808
394081878 809
394397189 810
394401778 811
394414724 812
394414783 813
394418743 814
394427392 815
394755376 816
394755632 817
394755645 818
394755742 819
394755782 820
394759626 821
394759837 822
394764082 823
394768379 824
395105113 825
415494049 826
415511327 827
415826533 828
415835070 829
415835178 830
415848195 831
415848228 832
415852518 833
415908516 834
416189410 835
416189500 836
416508862 837
416837168 838
417221397 839
417558532 840
420696828 841
422725634 842
423382015 843
423774471 844
424754530 845
424767514 846
424789697 847
425086839 848
425086851 849
425104113 850
425104178 851
425104216 852
425112506 853
425276848 854
425431837 855
425436170 856
425445301 857
425768768 858
425768822 859
425790257 860
426139965 861
426464004 862
426477089 863
426818061 864
446533552 865
446826981 866
446848967 867
446883390 868
447219992 869
447224575 870
447599745 871
448204394 872
448942604 873
449244969 874
453053044 875
453380528 876
454252960 877
454335501 878
455159380 879
455431209 880
455793621 881
455793743 882
455793827 883
456121649 884
456134692 885
456174330 886
456458549 887
456462835 888
456462919 889
456467162 890
456808311 891
456820863 892
456846996 893
457175171 894
457196643 895
457507485 896
476545134 897
477262101 898
477572961 899
477861840 900
477896729 901
477900945 902
477900959 903
477909602 904
477909679 905
477909698 906
478250407 907
478250482 908
478613576 909
478660968 910
479935033 911
480315387 912
480331310 913
480590566 914
480997558 915
481359062 916
482762280 917
484130600 918
484350664 919
484368420 920
484735678 921
485132675 922
486073415 923
486815976 924
486837442 925
487143497 926
487144598 927
487160828 928
487489028 929
487489064 930
487493197 931
487501700 932
487834111 933
487834131 934
487834179 935
487847296 936
487899562 937
487925037 938
487925063 939
488179585 940
488179878 941
488184014 942
488188560 943
488205572 944
488520820 945
488533722 946
488559952 947
507243409 948
507260559 949
507592981 950
508292573 951
508599181 952
508599194 953
508599211 954
508599271 955
508599276 956
508616471 957
508689623 958
508918609 959
508935964 960
508939879 961
508939914 962
508940291 963
508940292 964
508949033 965
509013752 966
509264220 967
509695478 968
509700197 969
509928512 970
510049477 971
511271574 972
511349908 973
511681569 974
512023157 975
512765910 976
513451621 977
515385637 978
516055524 979
517207902 980
517506265 981
517510393 982
517514142 983
517514588 984
517518166 985
517838849 986
517847127 987
517850316 988
517854468 989
517858947 990
517871837 991
518187118 992
518191547 993
518195738 994
518212987 995
518528152 996
518532490 997
518864844 998
518864924 999
518869381 1000
518869459 1001
518873469 1002
518873604 1003
518882016 1004
518899665 1005
518930199 1006
519206240 1007
519210172 1008
519214622 1009
519214895 1010
519218919 1011
519223027 1012
519223428 1013
519227414 1014
519232054 1015
519555690 1016
519564501 1017
519573099 1018
519573128 1019
519581562 1020
519620935 1021
519900699 1022
519905418 1023
537945877 1024
538282782 1025
538308362 1026
538602138 1027
538653955 1028
538908474 1029
538951958 1030
539249493 1031
539586554 1032
539949478 1033
539949536 1034
539975118 1035
539975122 1036
539983731 1037
540001084 1038
540389646 1039
540389734 1040
540730639 1041
540730657 1042
540730738 1043
541007502 1044
542039038 1045
542315097 1046
542371432 1047
542376096 1048
542634818 1049
543365264 1050
543692985 1051
543702186 1052
544021095 1053
544107335 1054
544158940 1055
544361987 1056
544383511 1057
545385576 1058
547552266 1059
548549000 1060
548549395 1061
548552875 1062
548552915 1063
548553386 1064
548553494 1065
548872750 1066
548878145 1067
548885313 1068
548885407 1069
548889938 1070
548894251 1071
548898403 1072
548898520 1073
549219101 1074
549222167 1075
549226277 1076
549230949 1077
549248200 1078
549567614 1079
549571627 1080
549572017 1081
549576117 1082
549576424 1083
549610772 1084
549899821 1085
549904227 1086
549904387 1087
549908737 1088
549916869 1089
549917317 1090
549955973 1091
550245056 1092
550271272 1093
550408954 1094
550598935 1095
550599514 1096
550944712 1097
550944744 1098
551113395 1099
551445253 1100
551790504 1101
551790913 1102
568635279 1103
569002579 1104
569278689 1105
569313277 1106
569317846 1107
569334986 1108
569615641 1109
569650323 1110
569939107 1111
569943419 1112
569999973 1113
570288900 1114
570314896 1115
570327880 1116
570336412 1117
570336487 1118
570643102 1119
570643109 1120
570643135 1121
570643193 1122
570647225 1123
570647366 1124
570647526 1125
570742510 1126
570742527 1127
570742599 1128
570997147 1129
571044587 1130
571424323 1131
571424636 1132
571424650 1133
571424748 1134
571778381 1135
571778433 1136
573056433 1137
573065577 1138
573329304 1139
573333284 1140
573333835 1141
573381453 1142
573402255 1143
573410968 1144
573414575 1145
573708714 1146
574032862 1147
574037266 1148
574037281 1149
574037479 1150
574374051 1151
574377562 1152
574377845 1153
574688051 1154
574965048 1155
576825965 1156
578694777 1157
579583329 1158
579587796 1159
579592279 1160
579592619 1161
579912201 1162
579916831 1163
579924731 1164
579928928 1165
580317662 1166
580598373 1167
580610916 1168
580611301 1169
580934661 1170
580947602 1171
580951922 1172
581293182 1173
5812978878 1174
5812979015 1175
5812979016 1176
5812979026 1177
5812979069 1178
5812979119 1179
5812979121 1180
5812979128 1181
5812979133 1182
5812979156 1183
5812979168 1184
5812979170 1185
5812979172 1186
5812979175 1187
5812979176 1188
5812979177 1189
5812979187 1190
5812979188 1191
5812979191 1192
5812979196 1193
5812979197 1194
5812979254 1195
5812979263 1196
5812979271 1197
5812979287 1198
5812979289 1199
5812979291 1200
5812979292 1201
5812979298 1202
5812979301 1203
5812979306 1204
5812979307 1205
5812979308 1206
5812979309 1207
5812979311 1208
5812979312 1209
5812979314 1210
5812979326 1211
5812979371 1212
5812979408 1213
5812979494 1214
5812979502 1215
5812979531 1216
5812979532 1217
5812979558 1218
5812979560 1219
5812979619 1220
5812979634 1221
5812979635 1222
5812979639 1223
5812979667 1224
5812979693 1225
5812980016 1226
5812980179 1227
5812980192 1228
5812980207 1229
5812980209 1230
5812980212 1231
5812980219 1232
5812980220 1233
5812980222 1234
5812980282 1235
5812980289 1236
5812980351 1237
5812980369 1238
5812980370 1239
5812980376 1240
5812980378 1241
5812980379 1242
5812980386 1243
5812980393 1244
5812980395 1245
5812980397 1246
5812980398 1247
5812980404 1248
5812980408 1249
5812980410 1250
5812980414 1251
5812980425 1252
5812980426 1253
5812980428 1254
5812980432 1255
5812980438 1256
5812980444 1257
5812980446 1258
5812980448 1259
5812980537 1260
5812980555 1261
5812980557 1262
5812980561 1263
5812980566 1264
5812980567 1265
5812980569 1266
5812980579 1267
5812980580 1268
5812980588 1269
5812980590 1270
5812980593 1271
5812980594 1272
5812980597 1273
5812980599 1274
5812980600 1275
5812980611 1276
5812980615 1277
5812980618 1278
5812980624 1279
5812980638 1280
5812980662 1281
5812980768 1282
5812980787 1283
5812980792 1284
5812980796 1285
5812980798 1286
5812980799 1287
5812980802 1288
5812980803 1289
5812980806 1290
5812980811 1291
5812980813 1292
5812980892 1293
5812980931 1294
5812980934 1295
5812980938 1296
5812980940 1297
5812980944 1298
5812980947 1299
5812980965 1300
5812980973 1301
5812980977 1302
5812980992 1303
5812981038 1304
5812981039 1305
5812981042 1306
5812981046 1307
5812981058 1308
5812981068 1309
5812981071 1310
5812981072 1311
5812981086 1312
5812981104 1313
5812981106 1314
5812981109 1315
5812981120 1316
5812981127 1317
5812981136 1318
5812981141 1319
5812981142 1320
5812981148 1321
5812981153 1322
5812981154 1323
5812981160 1324
5812981164 1325
5812981227 1326
5812981264 1327
5812981270 1328
5812981274 1329
5812981275 1330
5812981277 1331
5812981279 1332
5812981290 1333
5812981308 1334
5812981318 1335
5812981320 1336
5812981322 1337
5812981327 1338
5812981332 1339
5812981333 1340
5812981339 1341
5812981340 1342
5812981341 1343
5812981348 1344
5812981357 1345
5812981359 1346
5812981361 1347
5812981363 1348
5812981365 1349
5812981373 1350
5812981379 1351
5812981381 1352
5812981390 1353
5812981399 1354
5812981400 1355
5812981401 1356
5812981432 1357
5812981441 1358
5812981467 1359
5812981543 1360
5812981553 1361
5812981563 1362
5812981564 1363
5812981569 1364
5812981570 1365
5812981578 1366
5812981581 1367
5812981582 1368
5812981586 1369
5812981590 1370
5812981602 1371
5812981607 1372
5812981616 1373
5812981618 1374
5812981619 1375
5812981641 1376
5812981643 1377
5812981654 1378
5812981667 1379
5812981669 1380
5812981670 1381
5812981671 1382
5812981673 1383
5812981676 1384
5812981679 1385
5812981680 1386
5812981689 1387
5812981690 1388
5812981702 1389
5812981703 1390
5812981704 1391
5812981706 1392
5812981717 1393
5812981763 1394
5812981796 1395
5812981797 1396
5812981800 1397
5812981816 1398
5812981853 1399
5812981858 1400
5812981895 1401
5812981924 1402
5812981932 1403
5812981943 1404
5812981944 1405
5812981947 1406
5812981950 1407
5812981951 1408
5812981960 1409
5812981961 1410
5812981962 1411
5812981965 1412
5812981970 1413
5812981971 1414
5812981978 1415
5812981986 1416
5812981989 1417
5812981990 1418
5812982000 1419
5812982011 1420
5812982012 1421
5812982017 1422
5812982020 1423
5812982086 1424
5812982087 1425
5812982088 1426
5812982091 1427
5812982118 1428
5812982120 1429
5812982145 1430
5812982149 1431
5812982154 1432
5812982162 1433
5812982168 1434
5812982177 1435
5812982192 1436
5812982198 1437
5812982200 1438
5812982204 1439
5812982205 1440
5812982211 1441
5812982216 1442
5812982220 1443
5812982252 1444
5812982273 1445
5812982316 1446
5812982328 1447
5812982329 1448
5812982347 1449
5812982350 1450
5812982371 1451
5812982372 1452
5812982374 1453
5812982388 1454
5812982389 1455
5812982390 1456
5812982397 1457
5812982403 1458
5812982420 1459
5812982421 1460
5812982422 1461
5812982426 1462
5812982429 1463
5812982430 1464
5812982436 1465
5812982437 1466
5812982442 1467
5812982466 1468
5812982470 1469
5812982471 1470
5812982490 1471
5812982492 1472
5812982505 1473
5812982506 1474
5812982514 1475
5812982520 1476
5812982521 1477
5812982529 1478
5812982530 1479
5812982532 1480
5812982547 1481
5812982556 1482
5812982562 1483
5812982566 1484
5812982577 1485
5812982578 1486
5812982579 1487
5812982589 1488
5812982594 1489
5812982602 1490
5812982610 1491
5812982620 1492
5812982657 1493
5812982692 1494
5812982694 1495
5812982706 1496
5812982725 1497
5812982727 1498
5812982760 1499
5812982761 1500
5812982766 1501
5812982779 1502
5812982780 1503
5812982782 1504
5812982795 1505
5812982802 1506
5812982803 1507
5812982823 1508
5812982825 1509
5812982826 1510
5812982832 1511
5812982837 1512
5812982871 1513
5812982872 1514
5812982874 1515
5812982875 1516
5812982876 1517
5812982877 1518
5812982925 1519
5812982999 1520
5812983003 1521
5812983006 1522
5812983009 1523
5812983012 1524
5812983023 1525
5812983028 1526
5812983038 1527
5812983042 1528
5812983043 1529
5812983101 1530
5812983106 1531
5812983107 1532
5812983112 1533
5812983114 1534
5812983131 1535
5812983133 1536
5812983134 1537
5812983147 1538
5812983152 1539
5812983166 1540
5812983174 1541
5812983192 1542
5812983199 1543
5812983200 1544
5812983206 1545
5812983213 1546
5812983268 1547
5812983272 1548
5812983298 1549
5812983302 1550
5812983303 1551
5812983309 1552
5812983310 1553
5812983319 1554
5812983321 1555
5812983322 1556
5812983323 1557
5812983328 1558
5812983330 1559
5812983337 1560
5812983345 1561
5812983346 1562
5812983383 1563
5812983399 1564
5812983418 1565
5812983423 1566
5812983427 1567
5812983429 1568
5812983438 1569
5812983451 1570
5812983454 1571
5812983455 1572
5812983522 1573
5812983528 1574
5812983533 1575
5812983544 1576
5812983569 1577
5812983571 1578
5812983575 1579
5812983576 1580
5812983578 1581
5812983579 1582
5812983608 1583
5812983645 1584
5812983646 1585
5812983657 1586
5812983658 1587
5812983673 1588
5812983745 1589
5812983827 1590
5812983837 1591
5812983851 1592
5812983861 1593
5812983866 1594
5812983869 1595
5812983871 1596
5812983898 1597
5812983899 1598
5812983903 1599
5812983942 1600
5812984045 1601
5812987762 1602
5812989173 1603
5812989588 1604
5812996052 1605
5812997518 1606
5813000276 1607
5813010180 1608
5813010617 1609
5813011555 1610
5813011660 1611
5813011717 1612
5813011738 1613
5813014858 1614
5813016743 1615
5813017508 1616
5813019513 1617
5813019543 1618
5813019607 1619
5813019609 1620
5813019763 1621
5813019770 1622
5813019772 1623
5813019774 1624
5813019779 1625
5813019801 1626
5813019807 1627
5813019850 1628
5813019908 1629
5813019917 1630
5813019976 1631
5813019982 1632
5813020041 1633
5813020046 1634
5813020047 1635
5813020052 1636
5813020057 1637
5813020061 1638
5813020068 1639
5813020089 1640
5813020132 1641
5813020271 1642
5813020274 1643
5813020288 1644
5813020424 1645
5813020473 1646
5813020491 1647
5813020493 1648
5813020673 1649
5813020828 1650
5813020830 1651
5813020831 1652
5813020988 1653
5813021016 1654
5813021017 1655
5813021019 1656
5813021023 1657
5813021033 1658
5813021135 1659
5813021174 1660
5813021183 1661
5813021251 1662
5813021261 1663
5813021263 1664
5813021273 1665
5813021275 1666
5813021277 1667
5813021289 1668
5813021291 1669
5813021292 1670
5813021294 1671
5813021296 1672
5813021301 1673
5813021303 1674
5813021304 1675
5813021311 1676
5813021312 1677
5813021313 1678
5813021314 1679
5813021315 1680
5813021316 1681
5813021319 1682
5813021326 1683
5813021332 1684
5813021336 1685
5813021341 1686
5813021363 1687
5813021379 1688
5813021380 1689
5813021382 1690
5813021386 1691
5813021397 1692
5813021399 1693
5813021400 1694
5813021401 1695
5813021404 1696
5813021411 1697
5813021415 1698
5813021417 1699
5813021441 1700
5813021446 1701
5813021447 1702
5813021449 1703
5813021452 1704
5813021463 1705
5813021464 1706
5813021465 1707
5813021469 1708
5813021471 1709
5813021474 1710
5813021482 1711
5813021615 1712
5813021642 1713
5813021645 1714
5813021647 1715
5813021659 1716
5813021666 1717
5813021736 1718
5813021748 1719
5813021766 1720
5813021772 1721
5813021778 1722
5813021779 1723
5813021781 1724
5813021786 1725
5813021788 1726
5813021792 1727
5813021799 1728
5813021805 1729
5813021806 1730
5813021808 1731
5813021809 1732
5813021812 1733
5813021822 1734
5813021829 1735
5813021832 1736
5813021844 1737
5813021848 1738
5813021856 1739
5813021865 1740
5813021899 1741
5813021922 1742
5813021989 1743
5813021999 1744
5813022037 1745
5813022042 1746
5813022049 1747
5813022050 1748
5813022054 1749
5813022060 1750
5813022076 1751
5813022117 1752
5813022119 1753
5813022133 1754
5813022175 1755
5813022201 1756
5813022203 1757
5813022207 1758
5813022210 1759
5813022212 1760
5813022232 1761
5813022234 1762
5813022239 1763
5813022267 1764
5813022341 1765
5813022352 1766
5813022404 1767
5813022424 1768
5813022896 1769
5813024601 1770
5813024710 1771
5813024712 1772
5813024799 1773
5813027400 1774
5813027460 1775
5813027518 1776
5813027584 1777
5813027592 1778
5813027704 1779
5813027747 1780
5813032245 1781
5813032504 1782
5813032512 1783
5813032514 1784
5813032541 1785
5813032552 1786
5813032554 1787
5813032694 1788
5813032702 1789
5813032734 1790
5813032759 1791
5813032771 1792
5813032782 1793
5813032811 1794
5813032813 1795
5813032868 1796
5813032874 1797
5813032876 1798
5813032887 1799
5813032896 1800
5813032900 1801
5813032943 1802
5813032946 1803
5813032967 1804
5813032997 1805
5813033000 1806
5813033009 1807
5813033012 1808
5813033033 1809
5813033059 1810
5813033065 1811
5813033086 1812
5813033125 1813
5813033127 1814
5813033144 1815
5813033208 1816
5813033226 1817
5813033259 1818
5813033267 1819
5813033277 1820
5813033312 1821
5813034571 1822
5813035267 1823
5813035318 1824
5813035558 1825
5813035612 1826
5813035613 1827
5813035700 1828
5813038793 1829
5813038889 1830
5813039235 1831
5813039315 1832
5813039465 1833
5813039471 1834
5813040171 1835
5813040205 1836
5813040515 1837
5813040887 1838
5813040892 1839
5813040941 1840
5813041206 1841
5813042616 1842
5813042659 1843
5813047220 1844
5813047221 1845
5813047662 1846
5813047676 1847
5813047683 1848
5813047774 1849
5813047784 1850
5813047790 1851
5813048214 1852
5813049834 1853
5813049920 1854
5813050727 1855
5813050729 1856
5813050765 1857
5813050818 1858
5813050820 1859
5813052909 1860
5813053821 1861
5813053878 1862
5813053885 1863
5813053886 1864
5813053888 1865
5813053935 1866
5813053937 1867
5813054085 1868
5813054086 1869
5813054342 1870
5813054343 1871
5813054643 1872
5813054697 1873
5813055025 1874
5813055048 1875
5813055147 1876
5813055162 1877
5813055180 1878
5813055184 1879
5813055889 1880
5813055914 1881
5813055916 1882
5813055923 1883
5813055924 1884
5813056020 1885
5813056072 1886
5813056110 1887
5813056120 1888
5813056121 1889
5813056183 1890
5813056205 1891
5813056234 1892
5813056299 1893
5813056300 1894
5813056305 1895
5813056307 1896
5813056309 1897
5813056311 1898
5813056313 1899
5813056327 1900
5813056344 1901
5813056355 1902
5813056372 1903
5813056383 1904
5813056390 1905
5813056395 1906
5813056414 1907
5813057132 1908
5813057187 1909
5813057191 1910
5813057210 1911
5813057213 1912
5813057227 1913
5813057239 1914
5813057468 1915
5813057573 1916
5813057867 1917
5813057869 1918
5813057942 1919
5813057947 1920
5813057956 1921
5813057959 1922
5813058028 1923
5813058048 1924
5813058069 1925
5813058106 1926
5813058163 1927
5813058215 1928
5813058310 1929
5813058320 1930
5813059951 1931
5813060614 1932
5813060643 1933
5813060663 1934
5813060774 1935
5813060776 1936
5813060798 1937
5813060799 1938
5813060811 1939
5813060812 1940
5813060817 1941
5813061044 1942
5813061112 1943
5813061200 1944
5813061212 1945
5813061260 1946
5813061560 1947
5813061597 1948
5813061625 1949
5813061879 1950
5813061888 1951
5813062225 1952
5813062565 1953
5813062617 1954
5813062631 1955
5813062637 1956
5813062645 1957
5813062830 1958
5813062838 1959
5813062842 1960
5813062850 1961
5813062862 1962
5813063140 1963
5813063224 1964
5813063229 1965
5813063239 1966
5813063280 1967
5813063449 1968
5813063527 1969
5813064332 1970
5813064410 1971
5813064427 1972
5813064793 1973
5813065308 1974
5813065443 1975
5813065587 1976
5813067708 1977
5813067728 1978
5813067736 1979
5813067761 1980
5813067765 1981
5813067779 1982
5813067792 1983
5813067793 1984
5813067795 1985
5813067817 1986
5813067826 1987
5813067833 1988
5813067836 1989
5813067858 1990
5813067869 1991
5813068687 1992
5813068690 1993
5813068692 1994
5813068729 1995
5813068743 1996
5813068752 1997
5813068969 1998
5813068984 1999
5813069089 2000
5813069096 2001
5813069114 2002
5813069379 2003
5813069385 2004
5813069792 2005
5813069965 2006
5813069977 2007
5813070270 2008
5813070581 2009
5813070672 2010
5813070872 2011
5813071348 2012
5813071406 2013
5813075020 2014
5813075202 2015
5813075824 2016
5813075855 2017
5813077572 2018
5813077575 2019
5813077579 2020
5813077582 2021
5813077583 2022
5813077589 2023
5813077607 2024
5813077610 2025
5813077611 2026
5813077613 2027
5813077616 2028
5813078053 2029
5813078064 2030
5813078179 2031
5813078323 2032
5813078499 2033
5813078504 2034
5813078507 2035
5813078552 2036
5813078555 2037
5813078595 2038
5813078679 2039
5813078684 2040
5813079004 2041
5813079050 2042
5813079174 2043
5813079228 2044
5813079489 2045
5813080254 2046
5813080343 2047
5813080766 2048
5813081174 2049
5813081175 2050
5813081176 2051
5813081511 2052
5813081797 2053
5813082175 2054
5813082459 2055
5813082811 2056
5813082847 2057
5813083651 2058
5813083719 2059
5813083779 2060
5813083990 2061
5813084505 2062
5813084692 2063
5813085240 2064
5813086212 2065
5813087453 2066
5813087798 2067
5813087817 2068
5813087831 2069
5813088058 2070
5813088767 2071
5813089504 2072
5813089804 2073
5813090605 2074
5813090861 2075
5813090947 2076
5813090976 2077
5813090997 2078
5813091021 2079
5813091211 2080
5813091313 2081
5813091420 2082
5813091744 2083
5813091758 2084
5813092931 2085
5813093014 2086
5813093111 2087
5813093171 2088
5813093544 2089
5813093847 2090
5813094364 2091
5813094592 2092
5813094743 2093
5813095018 2094
5813095238 2095
5813095472 2096
5813095523 2097
5813095915 2098
5813096260 2099
5813096281 2100
5813096528 2101
5813096699 2102
5813097926 2103
5813098738 2104
5813098776 2105
5813099399 2106
5813099783 2107
5813100896 2108
5813101387 2109
5813102642 2110
5813104095 2111
5813104096 2112
5813105172 2113
5813105726 2114
5813106192 2115
5813106497 2116
5813109913 2117
5813109941 2118
5813110152 2119
5813110161 2120
5813110238 2121
5813110459 2122
5813110639 2123
5813110928 2124
5813111042 2125
5813112511 2126
5813113782 2127
5813114253 2128
5813114700 2129
5813114971 2130
5813116530 2131
5813117385 2132
5813123342 2133
5813124740 2134
5813127030 2135
5813128857 2136
5813133407 2137
5813134052 2138
581332573 2139
581336531 2140
581633934 2141
581634271 2142
581678043 2143
582139830 2144
582148591 2145
582355376 2146
5901118896 2147
5901193485 2148
5901193671 2149
5901195498 2150
5901196925 2151
5901197726 2152
5901198074 2153
5901198538 2154
5901198547 2155
5901200337 2156
5901202076 2157
5901202102 2158
5901205770 2159
5901207528 2160
5901208278 2161
5901208549 2162
5901209758 2163
5901213440 2164
5901218930 2165
5901219465 2166
5901221274 2167
5901222910 2168
5901224561 2169
5901225361 2170
5901227104 2171
599674785 2172
600011602 2173
600356751 2174
600365719 2175
600667501 2176
600684832 2177
600689582 2178
600693904 2179
600702348 2180
600702483 2181
600965298 2182
600978553 2183
601047826 2184
601047827 2185
601047853 2186
601302278 2187
601319398 2188
601388689 2189
601712754 2190
601725442 2191
601725569 2192
602118253 2193
602459169 2194
602459213 2195
602459682 2196
602476655 2197
602808843 2198
602809029 2199
602999843 2200
603422422 2201
603785283 2202
604070461 2203
604368022 2204
604709727 2205
606090268 2206
608891515 2207
608926849 2208
609941228 2209
610274029 2210
610618198 2211
610968248 2212
610981555 2213
611300533 2214
611304789 2215
611305085 2216
611309194 2217
611629428 2218
611646050 2219
611646132 2220
611646147 2221
611974080 2222
612323667 2223
612371421 2224
612422902 2225
612440702 2226
612638791 2227
612668833 2228
612669205 2229
612738462 2230
612742248 2231
612755343 2232
613079053 2233
613083375 2234
613398716 2235
613719036 2236
613835634 2237
613847777 2238
630373425 2239
630373497 2240
630377642 2241
630381662 2242
630381893 2243
630714299 2244
630722830 2245
630722941 2246
630722975 2247
630727056 2248
630731599 2249
630748479 2250
631051012 2251
631051057 2252
631055506 2253
631059587 2254
631064055 2255
631374662 2256
631396256 2257
631396453 2258
631396532 2259
631400190 2260
631400288 2261
631400598 2262
631400622 2263
631400693 2264
631422121 2265
631422224 2266
631728731 2267
631733127 2268
631737164 2269
631737330 2270
631737380 2271
631741308 2272
631741483 2273
632013356 2274
632048075 2275
632069728 2276
632069757 2277
632069851 2278
632082635 2279
632086737 2280
632091116 2281
632337289 2282
632341464 2283
632397510 2284
632397750 2285
632397780 2286
632397786 2287
632397798 2288
632402333 2289
632734572 2290
632764978 2291
632808044 2292
633144545 2293
633148704 2294
633148716 2295
633148859 2296
633149039 2297
633149202 2298
633498748 2299
633793553 2300
634069028 2301
635062078 2302
635109166 2303
635416407 2304
636594376 2305
636789080 2306
638481581 2307
641653381 2308
641688553 2309
641709938 2310
642335523 2311
642335553 2312
642516892 2313
642664141 2314
642680823 2315
642680826 2316
642680853 2317
642680881 2318
642680969 2319
642681035 2320
642689607 2321
642732835 2322
643142863 2323
643362770 2324
643363111 2325
643501489 2326
643523134 2327
643535876 2328
643703819 2329
644118254 2330
644148647 2331
644417074 2332
644870768 2333
644896959 2334
645090294 2335
645224664 2336
660730340 2337
661076014 2338
661080007 2339
661084049 2340
661395129 2341
661399477 2342
661407917 2343
661408056 2344
661408094 2345
661421129 2346
661430106 2347
661430179 2348
661740600 2349
661740651 2350
661757811 2351
661766416 2352
662081640 2353
662081902 2354
662085486 2355
662085792 2356
662089919 2357
662094168 2358
662103124 2359
662107551 2360
662107593 2361
662366170 2362
662409505 2363
662409582 2364
662414157 2365
662418320 2366
662452625 2367
662456848 2368
662461539 2369
662711769 2370
662728826 2371
662754991 2372
662763626 2373
662763904 2374
662767770 2375
662772373 2376
662772393 2377
662776660 2378
662789529 2379
662802782 2380
662806790 2381
662806818 2382
663091787 2383
663130304 2384
663134970 2385
663432544 2386
663493162 2387
663791170 2388
663834152 2389
664141134 2390
664184060 2391
664187932 2392
664188056 2393
664188083 2394
664188108 2395
664188129 2396
664188211 2397
664511977 2398
666135689 2399
666843305 2400
666847851 2401
667266529 2402
667538952 2403
672352543 2404
673029543 2405
673366098 2406
673366263 2407
673370525 2408
673509195 2409
673702721 2410
673715784 2411
673776769 2412
674056647 2413
674056882 2414
674393414 2415
674398014 2416
674519060 2417
674738872 2418
675451588 2419
675468771 2420
675528661 2421
675602461 2422
675763039 2423
676263239 2424
676612729 2425
676616719 2426
691760950 2427
692093440 2428
692110379 2429
692119287 2430
692430198 2431
692434135 2432
692775807 2433
692775814 2434
692792746 2435
692810011 2436
692818786 2437
692818802 2438
693034103 2439
693099031 2440
693099064 2441
693099102 2442
693099142 2443
693112035 2444
693116214 2445
693116396 2446
693121000 2447
693125004 2448
693125078 2449
693133603 2450
693159855 2451
693448777 2452
693453332 2453
693479072 2454
693483018 2455
693500431 2456
693500652 2457
693785353 2458
693785371 2459
693785633 2460
693785740 2461
693785780 2462
693790141 2463
693794431 2464
693837780 2465
693841887 2466
693841929 2467
693846112 2468
694126781 2469
694126800 2470
694139687 2471
694147949 2472
694160985 2473
694174226 2474
694524222 2475
694834412 2476
694839156 2477
694847240 2478
694847248 2479
695862470 2480
696082279 2481
696540624 2482
696829800 2483
696850811 2484
696881909 2485
697132371 2486
697485362 2487
697886966 2488
698508565 2489
698970725 2490
699031185 2491
701923413 2492
702692200 2493
704409534 2494
704409742 2495
704466265 2496
704742082 2497
704746449 2498
704746457 2499
704750475 2500
704750665 2501
704750673 2502
704750742 2503
704750766 2504
704750842 2505
704759205 2506
705082892 2507
705091521 2508
705091769 2509
705091939 2510
705432638 2511
705432922 2512
705774051 2513
706819341 2514
707647321 2515
707660374 2516
7112625241 2517
7112625255 2518
7112625445 2519
7112626196 2520
722450065 2521
722463321 2522
722467632 2523
722467714 2524
722471778 2525
722471825 2526
722817260 2527
722821616 2528
723128414 2529
723153828 2530
723158245 2531
723167312 2532
723469488 2533
723495119 2534
723508068 2535
723508086 2536
723508095 2537
723508162 2538
723810015 2539
723848801 2540
723849351 2541
723853340 2542
724133866 2543
724134138 2544
724134170 2545
724138359 2546
724142845 2547
724151343 2548
724488194 2549
724488362 2550
724522447 2551
724531411 2552
724763999 2553
724816115 2554
724816217 2555
724820565 2556
724820813 2557
724825187 2558
724829211 2559
724867606 2560
724867917 2561
724876683 2562
724885340 2563
725174424 2564
725200110 2565
725217343 2566
725860918 2567
726207450 2568
726551439 2569
727472481 2570
729957687 2571
730562988 2572
731071789 2573
731689147 2574
733036127 2575
733796382 2576
735134301 2577
735282133 2578
735600320 2579
735785459 2580
735785541 2581
735785583 2582
735785639 2583
735785741 2584
735790008 2585
736117977 2586
736122569 2587
736126563 2588
736126644 2589
736126668 2590
736126717 2591
736126732 2592
736126746 2593
736173896 2594
736463614 2595
736467526 2596
736467640 2597
736808522 2598
736808904 2599
736813212 2600
737149820 2601
737149964 2602
737150041 2603
737167616 2604
737491062 2605
739572008 2606
753485486 2607
753489735 2608
753489892 2609
753489951 2610
753506746 2611
753839564 2612
753847960 2613
753852265 2614
753852396 2615
753852432 2616
754150161 2617
754154720 2618
754163207 2619
754184667 2620
754188911 2621
754188980 2622
754197850 2623
754202022 2624
754206396 2625
754473844 2626
754486618 2627
754491144 2628
754525744 2629
754534424 2630
754538763 2631
754538881 2632
754547386 2633
754832123 2634
754854077 2635
754870859 2636
754879354 2637
754883860 2638
754884149 2639
754893183 2640
755173189 2641
755173211 2642
755177787 2643
755177942 2644
755229523 2645
755234235 2646
755518957 2647
755527664 2648
755544921 2649
755851102 2650
755868550 2651
755898463 2652
756196285 2653
756196541 2654
756502912 2655
756567539 2656
756585129 2657
756601858 2658
756870190 2659
756904685 2660
759810119 2661
760570054 2662
760690116 2663
762982753 2664
763730414 2665
765457262 2666
766298734 2667
766820559 2668
766838498 2669
767161652 2670
767161677 2671
767473384 2672
767494105 2673
767502579 2674
767502627 2675
767502639 2676
767502657 2677
767502667 2678
767671354 2679
767852204 2680
768184496 2681
768184604 2682
768184623 2683
768188877 2684
768525593 2685
768525608 2686
768525647 2687
768555687 2688
768884949 2689
769018494 2690
769721865 2691
784204967 2692
784533172 2693
784541732 2694
784541854 2695
784844007 2696
784844107 2697
784844112 2698
784844115 2699
784848513 2700
784882707 2701
784895866 2702
785189156 2703
785189253 2704
785198372 2705
785232629 2706
785232649 2707
785456671 2708
785521487 2709
785521517 2710
785525736 2711
785525842 2712
785573850 2713
785888696 2714
785914742 2715
785918827 2716
785918963 2717
786221078 2718
786260089 2719
786273199 2720
786929029 2721
787227302 2722
787564556 2723
787572767 2724
787637263 2725
787908929 2726
787909611 2727
788306624 2728
788306724 2729
788648194 2730
790305346 2731
790922968 2732
792023887 2733
792040520 2734
792368888 2735
792692885 2736
796431821 2737
796836697 2738
797514653 2739
797687628 2740
797855394 2741
798027992 2742
798192091 2743
798192115 2744
798192162 2745
798196366 2746
798196389 2747
798196454 2748
798196461 2749
798356481 2750
798528850 2751
798533259 2752
798537392 2753
798537456 2754
798537538 2755
798537580 2756
798537638 2757
798537701 2758
798585556 2759
798693540 2760
798869986 2761
798874090 2762
799215269 2763
799219511 2764
799219795 2765
799362484 2766
799560834 2767
799578347 2768
799586652 2769
799901370 2770
799906141 2771
799919294 2772
800264315 2773
800622401 2774
800743420 2775
815222743 2776
815240159 2777
815568065 2778
815580911 2779
815585355 2780
815909099 2781
815921891 2782
815922095 2783
815922112 2784
815926323 2785
815926332 2786
815926346 2787
815930761 2788
816219578 2789
816219622 2790
816219675 2791
816254592 2792
816263443 2793
816276055 2794
816276925 2795
816613438 2796
816962833 2797
817294806 2798
817299301 2799
817985849 2800
817993932 2801
817993980 2802
818637585 2803
818983130 2804
819013231 2805
820662203 2806
821003563 2807
822004733 2808
829015629 2809
829231385 2810
829231457 2811
829235909 2812
829261936 2813
829379400 2814
829568160 2815
829572252 2816
829572451 2817
829572544 2818
830276571 2819
830586919 2820
831273286 2821
831295271 2822
834044577 2823
846270628 2824
846602958 2825
846611449 2826
846611908 2827
846616006 2828
846616159 2829
846620223 2830
846620287 2831
846952407 2832
846952683 2833
847250148 2834
847254513 2835
847254536 2836
847254566 2837
847254581 2838
847276625 2839
847293869 2840
847297956 2841
847297982 2842
847302850 2843
847595544 2844
847595624 2845
847989021 2846
848287126 2847
848299650 2848
848316930 2849
848321392 2850
848330091 2851
848334569 2852
848662421 2853
848662441 2854
848666732 2855
848666776 2856
848692583 2857
849370246 2858
849370258 2859
849650764 2860
849685478 2861
849707224 2862
849992080 2863
850375847 2864
852724544 2865
852751415 2866
853717974 2867
858725815 2868
859765252 2869
859925004 2870
860257495 2871
860261985 2872
860265987 2873
860266014 2874
860266062 2875
860266123 2876
860266309 2877
860266346 2878
860266377 2879
860266404 2880
860603005 2881
860607168 2882
860607367 2883
860607450 2884
860607455 2885
860607480 2886
860607503 2887
860944055 2888
860983686 2889
861280857 2890
861285145 2891
861630613 2892
861634934 2893
861665641 2894
862312670 2895
862705904 2896
877313996 2897
877318574 2898
877659583 2899
877659673 2900
877974490 2901
877982991 2902
877987539 2903
877987901 2904
877992236 2905
877992303 2906
878324222 2907
878324438 2908
878333234 2909
878333333 2910
878337317 2911
878346778 2912
878652627 2913
878670047 2914
878687095 2915
878691744 2916
879032295 2917
880055173 2918
880055625 2919
880383629 2920
880404940 2921
880409455 2922
881057369 2923
890118683 2924
891301236 2925
891301315 2926
891629070 2927
891637860 2928
891642176 2929
891642215 2930
891642281 2931
891642345 2932
891978843 2933
892385258 2934
893149866 2935
893158121 2936
893338749 2937
893347461 2938
893688605 2939
893710296 2940
894020730 2941
894551935 2942
895441451 2943
908340253 2944
908353540 2945
908668522 2946
908668556 2947
908685688 2948
908685859 2949
908689934 2950
908690107 2951
908699052 2952
909026561 2953
909026992 2954
909030970 2955
909368173 2956
909372586 2957
909372602 2958
909372616 2959
909704857 2960
909713374 2961
909717461 2962
909730907 2963
909730911 2964
910063154 2965
910063307 2966
910386568 2967
910395181 2968
910395212 2969
910404284 2970
910412830 2971
911094343 2972
911400981 2973
911409576 2974
911755444 2975
911759695 2976
912601209 2977
912951014 2978
915605943 2979
917450071 2980
922677093 2981
922677121 2982
923013923 2983
923018247 2984
923018290 2985
923027316 2986
923359312 2987
923700162 2988
923726321 2989
923869685 2990
924429714 2991
924723528 2992
925799233 2993
939030036 2994
939729237 2995
939729706 2996
939733452 2997
939733918 2998
939734122 2999
939734266 3000
939738364 3001
939738376 3002
939738399 3003
939738424 3004
939738473 3005
939738477 3006
939742503 3007
939742609 3008
940070913 3009
940075056 3010
940075464 3011
940079170 3012
940079253 3013
940079513 3014
940079568 3015
940079657 3016
940079771 3017
940083749 3018
940084011 3019
940084060 3020
940084095 3021
940084152 3022
940087822 3023
940420292 3024
940425106 3025
940425171 3026
940425232 3027
940748411 3028
940752707 3029
940757398 3030
940761352 3031
941102504 3032
941111195 3033
942763927 3034
942777202 3035
943118619 3036
943126891 3037
943809606 3038
945311344 3039
953029783 3040
953712141 3041
954053018 3042
954053251 3043
954053261 3044
954222134 3045
954528474 3046
954730964 3047
955464899 3048
955591114 3049
956138930 3050
970772961 3051
970777114 3052
970777224 3053
971113967 3054
971118202 3055
971118588 3056
971118724 3057
971459227 3058
971770003 3059
972080542 3060
972128731 3061
972461072 3062
973146958 3063
973151229 3064
973470796 3065
973488234 3066
973816592 3067
974498400 3068
974498428 3069
974498485 3070
974498492 3071
974507006 3072
974839683 3073
974843875 3074
974843892 3075
975197713 3076
975518615 3077
983759126 3078
984405805 3079
984746802 3080
985429128 3081
985826737 3082
986793149 3083
986828383 3084
987997896 3085
988852391 3086
