1001453586 1
1003474104 2
1003474283 3
1003478461 4
1003504512 5
1003837184 6
1004514584 7
1004514714 8
1004527604 9
1004527691 10
1004527700 11
1005179264 12
1005179377 13
1005520576 14
1006258344 15
1006936257 16
1011184205 17
1015143077 18
1016114585 19
1016118449 20
1016118651 21
1016122913 22
1016123127 23
1016166622 24
1016192580 25
1016459595 26
1016805008 27
1016835041 28
1016839809 29
1017547830 30
1017819398 31
1017992752 32
1018164997 33
1018510191 34
1018545595 35
1018550022 36
1018899361 37
1034198388 38
1035557785 39
1035562328 40
1036559440 41
1036559490 42
1036563762 43
1037293275 44
1045832508 45
1046812283 46
1046816660 47
1047153433 48
1047157746 49
1047157958 50
1047183897 51
1047489962 52
1047525093 53
1047835635 54
1048004460 55
1048172314 56
1048180932 57
1048207713 58
1048215779 59
1048517845 60
1048854479 61
1049549402 62
1049549412 63
1049946735 64
1050249677 65
1050585709 66
1051630846 67
1064891781 68
1066234564 69
1067598881 70
1068272038 71
1068276312 72
1068613227 73
1068613231 74
1068613282 75
1068617431 76
1068954342 77
1068954391 78
1068958593 79
1068958652 80
1069295816 81
1069295830 82
1070613107 83
1070646938 84
1077847238 85
1077851524 86
1077851551 87
1078007730 88
1078525257 89
1078534091 90
1078534115 91
1078572735 92
1078693835 93
1078874826 94
1078875017 95
1079215685 96
1079707882 97
1080566792 98
1080579786 99
1080579985 100
1080580151 101
1081086613 102
1081434698 103
1081767446 104
1096894260 105
1096919756 106
1097265345 107
1097623778 108
1100675450 109
1100675497 110
1101012503 111
1101353948 112
1108541296 113
1108545472 114
1108545599 115
1109223365 116
1109568528 117
1109568718 118
1109957857 119
1110298200 120
1110307501 121
1110640084 122
1110937445 123
1110972158 124
1110985490 125
1110997994 126
1111278454 127
1111615136 128
1111947403 129
1127604950 130
1128274593 131
1129306180 132
1129323248 133
1130687130 134
1131810172 135
1139265826 136
1139667240 137
1139724251 138
1139724263 139
1139921468 140
1139921865 141
1140603698 142
1140655376 143
1140655624 144
1140737968 145
1140738351 146
1140750808 147
1140950118 148
1140950144 149
1140996390 150
1141000881 151
1141006088 152
1141009503 153
1141009899 154
1141010036 155
1141268794 156
1141290695 157
1141290835 158
1141324564 159
1141328881 160
1141329053 161
1141329227 162
1141337518 163
1141337557 164
1141337605 165
1141337629 166
1141337663 167
1141337757 168
1141342260 169
1141342299 170
1141346217 171
1141346308 172
1141346462 173
1141346472 174
1141350537 175
1141630854 176
1141631198 177
1141631240 178
1141636055 179
1141636389 180
1141674495 181
1141678637 182
1141678665 183
1141678931 184
1141682748 185
1141687128 186
1141687352 187
1141691881 188
1141692008 189
1141972158 190
1141972202 191
1141976953 192
1141977014 193
1141977071 194
1142011140 195
1142019737 196
1142019868 197
1142019878 198
1142024290 199
1142028710 200
1142356511 201
1142356576 202
1142360528 203
1142365351 204
1142658717 205
1142706421 206
1142994933 207
1143332046 208
1143340753 209
1143677310 210
1143686159 211
1161731111 212
1162063500 213
1164113870 214
1165465632 215
1169657925 216
1169661785 217
1169989698 218
1169989859 219
1169993905 220
1169999059 221
1170072753 222
1170076975 223
1170077088 224
1170077089 225
1170322501 226
1170326256 227
1170326295 228
1170335262 229
1170344185 230
1170348225 231
1170400248 232
1170404820 233
1170404875 234
1170408975 235
1170412847 236
1170413055 237
1170413092 238
1170413110 239
1170413179 240
1170413285 241
1170413293 242
1170413425 243
1170413431 244
1170417462 245
1170417467 246
1170417562 247
1170417693 248
1170417710 249
1170421984 250
1170606692 251
1170667130 252
1170749579 253
1170753442 254
1170753611 255
1170753858 256
1170753959 257
1170754031 258
1170757913 259
1170757967 260
1170758186 261
1170762668 262
1171095158 263
1171104028 264
1171280441 265
1171431567 266
1171436073 267
1171617407 268
1171621616 269
1171621682 270
1171690432 271
1171690479 272
1171704378 273
1171759765 274
1171772286 275
1171785552 276
1172031461 277
1172044382 278
1172053274 279
1172363878 280
1172372291 281
1172372382 282
1172372655 283
1172385513 284
1172433712 285
1172441674 286
1172446050 287
1172665846 288
1172670463 289
1172704683 290
1172713514 291
1172713521 292
1172730733 293
1172774470 294
1172796014 295
1173007139 296
1173011450 297
1173016042 298
1173045815 299
1173054679 300
1173063302 301
1173067651 302
1173072129 303
1173076392 304
1173076523 305
1173347968 306
1173391076 307
1173408617 308
1173417505 309
1173524747 310
1173732234 311
1173745220 312
1173745330 313
1173745411 314
1173753977 315
1173814525 316
1173866149 317
1174008477 318
1174077762 319
1174384118 320
1174410293 321
1174712037 322
1174716572 323
1175070762 324
1190340083 325
1191392918 326
1196854070 327
1200351169 328
1200351200 329
1200416059 330
1200416127 331
1200429271 332
1200683283 333
1200687716 334
1200687913 335
1200700424 336
1200743767 337
1200743811 338
1200743891 339
1200748287 340
1200748356 341
1200752926 342
1200753056 343
1200753147 344
1200753289 345
1200757630 346
1200757686 347
1200770728 348
1201028519 349
1201032707 350
1201084940 351
1201084988 352
1201085147 353
1201085163 354
1201089476 355
1201093707 356
1201093753 357
1201093782 358
1201102301 359
1201792863 360
1202060409 361
1202125326 362
1202397143 363
1202410042 364
1202462198 365
1202470836 366
1202673723 367
1202737975 368
1203066201 369
1203066222 370
1203066401 371
1203070528 372
1203420037 373
1203424360 374
1203433388 375
1203696415 376
1203709763 377
1203756972 378
1203769621 379
1203769862 380
1203774485 381
1203774508 382
1203779116 383
1203783013 384
1204076441 385
1204124270 386
1204124281 387
1204175835 388
1204391417 389
1204443547 390
1204447548 391
1204547624 392
1204775735 393
1204784216 394
1204875505 395
1205090786 396
1205225146 397
1206114100 398
1223796442 399
1224137476 400
1224137495 401
1230267764 402
1231299343 403
1231441917 404
1231442049 405
1231442285 406
1231446153 407
1231446378 408
1231446411 409
1231450750 410
1231454981 411
1231459229 412
1231718414 413
1231735257 414
1231744096 415
1231774505 416
1231778487 417
1231778565 418
1231778692 419
1231778910 420
1231783149 421
1231787352 422
1231795989 423
1232115209 424
1232141286 425
1232145434 426
1232456585 427
1232654731 428
1233428010 429
1233436396 430
1233436426 431
1233436479 432
1233501275 433
1233505806 434
1233703950 435
1233773217 436
1234226967 437
1234227156 438
1234386037 439
1234472633 440
1234481054 441
1234567424 442
1234571701 443
1234571727 444
1234571750 445
1234731487 446
1234800242 447
1234809285 448
1234904294 449
1234912664 450
1235115629 451
1235150293 452
1236073998 453
1236816635 454
1237814053 455
1255297788 456
1261989183 457
1262412229 458
1262424913 459
1262472724 460
1262476815 461
1262476941 462
1262476984 463
1262477136 464
1262485643 465
1262485663 466
1262485704 467
1262485710 468
1262485726 469
1262485740 470
1262493935 471
1262494221 472
1262494423 473
1262498815 474
1262744824 475
1262817992 476
1262822280 477
1262830956 478
1263098627 479
1263115934 480
1263150527 481
1263154785 482
1263163270 483
1263491233 484
1263832477 485
1264186300 486
1265157632 487
1265261256 488
1265261328 489
1265261373 490
1265261383 491
1265265561 492
1265852784 493
1266478519 494
1266832645 495
1266871604 496
1267164975 497
1267868586 498
1268861712 499
1292367728 500
1293451424 501
1293507152 502
1293507235 503
1293507425 504
1293507452 505
1293507539 506
1293511697 507
1293511727 508
1293511728 509
1293516024 510
1293516188 511
1293524783 512
1293524890 513
1293839626 514
1293843986 515
1293844182 516
1293844325 517
1293848553 518
1293852898 519
1293852908 520
1293878803 521
1293878882 522
1294185362 523
1294206758 524
1294465669 525
1294534661 526
1295225451 527
1295501882 528
1295566429 529
1295847315 530
1295855722 531
1295955716 532
1296291825 533
1296300525 534
1297202769 535
1297556652 536
1297815807 537
1313496027 538
1322353714 539
1322353824 540
1324222950 541
1324542324 542
1324546987 543
1324551005 544
1324555342 545
1324559671 546
1324563972 547
1324564234 548
1324844582 549
1324904932 550
1325245970 551
1325250418 552
1326264840 553
1326813363 554
1327494939 555
1327831724 556
1327831994 557
1328505485 558
1328513713 559
1328518365 560
1328522741 561
1330275332 562
1344811248 563
1352077058 564
1354411526 565
1354752603 566
1357321396 567
1357848386 568
1357999210 569
1358158733 570
1359212271 571
1359553384 572
1376203864 573
1387497141 574
1387575003 575
1387583729 576
1387583807 577
1388002375 578
1388585088 579
1389189176 580
1390618359 581
1390942076 582
1390946364 583
1392655948 584
1418273110 585
1418351262 586
1418618235 587
1419019956 588
1420306364 589
1420651734 590
1420966843 591
1421666260 592
1442819296 593
1449662010 594
1449670372 595
1450011431 596
1450581687 597
1450663446 598
1451341240 599
1451695303 600
1452001679 601
1481383029 602
1481383373 603
1512081419 604
1513687200 605
1515418525 606
1536947502 607
1540172164 608
1573792824 609
1609542060 610
1629383757 611
1630051981 612
1639234609 613
1639243580 614
1640594274 615
1664178250 616
1670265016 617
1670934213 618
1685555983 619
1692817033 620
1693154060 621
1693486219 622
1700937093 623
1700946301 624
1703683361 625
1727979406 626
1733677514 627
1734350788 628
1734350908 629
1734420152 630
1755556097 631
1756579280 632
1762704980 633
1764091241 634
1765040289 635
1765415970 636
1788300760 637
1793014716 638
1793351401 639
1796817841 640
1796818119 641
1797505019 642
1818307672 643
1820721562 644
1825085656 645
1827516355 646
1827861966 647
1828206773 648
1850706912 649
1850711304 650
1851061177 651
1851389175 652
1851393805 653
1857148391 654
1857825571 655
1858171399 656
1881751117 657
1882083076 658
1887163927 659
1887872301 660
1888213190 661
1888572074 662
1889253763 663
1889253785 664
1910886083 665
1912789965 666
1914140664 667
1914823337 668
1914823414 669
1917188956 670
1943811511 671
1943811736 672
1944507292 673
1946178096 674
1975878958 675
1977579449 676
1977916288 677
2010992546 678
2038271921 679
2039273648 680
2064165421 681
2069648663 682
2124762952 683
2166133204 684
268725517 685
294161385 686
294436967 687
296199149 688
297230760 689
297251714 690
297908801 691
298258513 692
298595394 693
298612190 694
299613480 695
300968622 696
300972942 697
301309622 698
301314150 699
301314154 700
301314208 701
301318641 702
326119769 703
326817334 704
327499164 705
328253133 706
328533761 707
328546871 708
328861282 709
329435390 710
329566174 711
330268940 712
331662668 713
331662710 714
331662717 715
331999156 716
331999213 717
332003372 718
332003629 719
332003730 720
332003895 721
332003899 722
332007728 723
332008063 724
332008082 725
332340127 726
332340236 727
332344539 728
332344592 729
332344670 730
332344760 731
332344908 732
332349228 733
332349327 734
332353106 735
332353336 736
332353438 737
332353566 738
332685594 739
332685751 740
332685755 741
332689776 742
332690153 743
333030976 744
333031114 745
333035349 746
333039671 747
354775482 748
354779890 749
355086967 750
357146296 751
357515217 752
357932060 753
359586213 754
359598627 755
360284300 756
360941147 757
361376643 758
362041442 759
362689128 760
362693077 761
362693473 762
362697657 763
362701764 764
362701875 765
362701895 766
362701969 767
363029976 768
363030024 769
363030040 770
363034174 771
363034211 772
363034407 773
363034501 774
363038752 775
363038831 776
363042781 777
363047222 778
363370708 779
363370913 780
363371001 781
363375247 782
363375408 783
363375475 784
363379387 785
363384083 786
363384090 787
363384138 788
363387921 789
363716151 790
363716303 791
363716362 792
363724985 793
363724996 794
363725096 795
363725201 796
363725228 797
363729312 798
363729314 799
363733406 800
364061776 801
364066029 802
364070309 803
364070517 804
364407023 805
364411143 806
385132611 807
385158577 808
387870860 809
388629465 810
391716661 811
392368893 812
393383025 813
393387426 814
393404592 815
393736822 816
393766777 817
394060556 818
394060620 819
394064790 820
394069210 821
394073547 822
394077610 823
394081878 824
394397189 825
394401778 826
394414724 827
394414783 828
394418743 829
394427392 830
394755376 831
394755632 832
394755645 833
394755742 834
394755782 835
394759626 836
394759837 837
394764082 838
394768379 839
395105113 840
415494049 841
415511327 842
415826533 843
415835070 844
415835178 845
415848195 846
415848228 847
415852518 848
415908516 849
416189410 850
416189500 851
416508862 852
416837168 853
417558532 854
421641859 855
422682603 856
422725634 857
423382015 858
424716408 859
424754530 860
424767514 861
424776680 862
424780893 863
424789697 864
425086839 865
425086851 866
425104113 867
425104178 868
425104216 869
425112506 870
425126008 871
425276848 872
425431837 873
425436170 874
425445301 875
425768768 876
425768822 877
425790257 878
426139965 879
426140035 880
426464004 881
426477089 882
426818061 883
446533552 884
446826981 885
446848967 886
446883390 887
447219992 888
447224575 889
448204394 890
448342846 891
448942604 892
449241371 893
449948630 894
450617762 895
452971138 896
453380528 897
454252960 898
455155337 899
455159380 900
455431209 901
455793621 902
455793743 903
455793827 904
455811760 905
456121649 906
456134692 907
456174330 908
456458549 909
456462835 910
456462919 911
456467162 912
456523994 913
456808311 914
456820863 915
456846996 916
457175171 917
457196643 918
457507485 919
476545134 920
477179700 921
477262101 922
477572961 923
477861840 924
477896729 925
477900945 926
477900959 927
477909602 928
477909679 929
477909698 930
478250407 931
478250482 932
478613576 933
478660968 934
479935033 935
479969106 936
480310599 937
480590566 938
482762280 939
484130600 940
484735678 941
484911954 942
486815976 943
486837442 944
486880919 945
487144598 946
487160828 947
487187476 948
487191669 949
487489028 950
487489064 951
487493197 952
487501700 953
487834111 954
487834131 955
487834179 956
487847296 957
487899562 958
488179585 959
488179878 960
488184014 961
488188560 962
488205572 963
488322846 964
488520820 965
488533722 966
488559952 967
488572496 968
488581156 969
507243409 970
507260559 971
507592981 972
508292573 973
508599181 974
508599194 975
508599211 976
508599271 977
508599276 978
508616471 979
508897030 980
508918609 981
508935964 982
508939879 983
508939914 984
508940291 985
508940292 986
508949033 987
509013752 988
509264220 989
509695478 990
509700197 991
511271574 992
512765910 993
513451621 994
514068564 995
515813661 996
516055524 997
516844782 998
517207902 999
517506265 1000
517510393 1001
517514142 1002
517518166 1003
517699705 1004
517838849 1005
517847127 1006
517850316 1007
517854468 1008
517858947 1009
517871837 1010
518183562 1011
518187118 1012
518191547 1013
518195738 1014
518212987 1015
518217691 1016
518528152 1017
518532490 1018
518864844 1019
518864924 1020
518869381 1021
518869459 1022
518873469 1023
518873604 1024
518882016 1025
518930199 1026
519206240 1027
519210172 1028
519214622 1029
519214895 1030
519218919 1031
519223027 1032
519223428 1033
519232054 1034
519555690 1035
519564501 1036
519573099 1037
519573128 1038
519900699 1039
519905418 1040
520380132 1041
537945877 1042
538282782 1043
538308362 1044
538602138 1045
538653955 1046
538908474 1047
538951958 1048
539249493 1049
539586554 1050
539949478 1051
539949536 1052
539975118 1053
539975122 1054
539983731 1055
540389646 1056
540389734 1057
540730639 1058
540730657 1059
540730738 1060
541697718 1061
542371432 1062
542634818 1063
544021095 1064
544037996 1065
547240545 1066
548203966 1067
548549000 1068
548549395 1069
548552875 1070
548552915 1071
548553386 1072
548553494 1073
548872750 1074
548878145 1075
548885313 1076
548885407 1077
548889938 1078
548894251 1079
548898403 1080
548898520 1081
549158040 1082
549161688 1083
549219101 1084
549222167 1085
549226277 1086
549230949 1087
549248200 1088
549567614 1089
549571627 1090
549571739 1091
549572017 1092
549576117 1093
549576424 1094
549597974 1095
549610772 1096
549899821 1097
549904227 1098
549904387 1099
549908737 1100
549916869 1101
549917317 1102
549955973 1103
550081666 1104
550245056 1105
550271272 1106
550275987 1107
550408954 1108
550598935 1109
550599514 1110
550944744 1111
551113395 1112
551445253 1113
551790504 1114
551790913 1115
568635279 1116
569002579 1117
569278689 1118
569313277 1119
569317846 1120
569334986 1121
569615641 1122
569650323 1123
569939107 1124
569943419 1125
569952299 1126
569999973 1127
570288900 1128
570314896 1129
570327880 1130
570336412 1131
570336487 1132
570643102 1133
570643109 1134
570643135 1135
570643193 1136
570647225 1137
570647366 1138
570647526 1139
570742510 1140
570742527 1141
570742599 1142
570997147 1143
571044587 1144
571424323 1145
571424636 1146
571424650 1147
571424748 1148
571666400 1149
571778381 1150
571778433 1151
573065577 1152
573333284 1153
573333835 1154
573670049 1155
574032862 1156
574037266 1157
574037281 1158
574037479 1159
574374051 1160
574377562 1161
574377845 1162
574688051 1163
576825965 1164
577205852 1165
577554935 1166
578694777 1167
578893446 1168
579234980 1169
579576294 1170
579583329 1171
579587796 1172
579592279 1173
579592619 1174
579596940 1175
579912201 1176
579916831 1177
579924731 1178
579928928 1179
580317662 1180
580598373 1181
580610916 1182
580611301 1183
580732172 1184
580934661 1185
580947602 1186
580951922 1187
581293182 1188
5812978878 1189
5812979015 1190
5812979016 1191
5812979026 1192
5812979069 1193
5812979119 1194
5812979121 1195
5812979128 1196
5812979133 1197
5812979156 1198
5812979168 1199
5812979170 1200
5812979172 1201
5812979175 1202
5812979176 1203
5812979177 1204
5812979187 1205
5812979188 1206
5812979191 1207
5812979196 1208
5812979197 1209
5812979222 1210
5812979254 1211
5812979271 1212
5812979282 1213
5812979284 1214
5812979287 1215
5812979289 1216
5812979291 1217
5812979292 1218
5812979294 1219
5812979296 1220
5812979298 1221
5812979299 1222
5812979301 1223
5812979306 1224
5812979307 1225
5812979308 1226
5812979309 1227
5812979311 1228
5812979312 1229
5812979314 1230
5812979326 1231
5812979371 1232
5812979408 1233
5812979494 1234
5812979502 1235
5812979531 1236
5812979532 1237
5812979558 1238
5812979560 1239
5812979616 1240
5812979619 1241
5812979634 1242
5812979635 1243
5812979639 1244
5812979667 1245
5812979693 1246
5812980179 1247
5812980192 1248
5812980207 1249
5812980209 1250
5812980212 1251
5812980219 1252
5812980220 1253
5812980222 1254
5812980351 1255
5812980369 1256
5812980370 1257
5812980376 1258
5812980378 1259
5812980379 1260
5812980386 1261
5812980393 1262
5812980395 1263
5812980397 1264
5812980398 1265
5812980404 1266
5812980408 1267
5812980410 1268
5812980414 1269
5812980425 1270
5812980426 1271
5812980428 1272
5812980432 1273
5812980438 1274
5812980444 1275
5812980446 1276
5812980448 1277
5812980520 1278
5812980537 1279
5812980555 1280
5812980557 1281
5812980561 1282
5812980566 1283
5812980567 1284
5812980569 1285
5812980579 1286
5812980580 1287
5812980588 1288
5812980590 1289
5812980593 1290
5812980594 1291
5812980597 1292
5812980599 1293
5812980600 1294
5812980611 1295
5812980615 1296
5812980618 1297
5812980624 1298
5812980638 1299
5812980662 1300
5812980746 1301
5812980768 1302
5812980787 1303
5812980792 1304
5812980796 1305
5812980798 1306
5812980799 1307
5812980802 1308
5812980803 1309
5812980806 1310
5812980811 1311
5812980813 1312
5812980884 1313
5812980892 1314
5812980931 1315
5812980934 1316
5812980938 1317
5812980940 1318
5812980944 1319
5812980947 1320
5812980965 1321
5812980973 1322
5812980977 1323
5812980992 1324
5812981038 1325
5812981039 1326
5812981042 1327
5812981046 1328
5812981068 1329
5812981071 1330
5812981072 1331
5812981086 1332
5812981104 1333
5812981106 1334
5812981109 1335
5812981127 1336
5812981136 1337
5812981141 1338
5812981142 1339
5812981148 1340
5812981153 1341
5812981154 1342
5812981160 1343
5812981164 1344
5812981227 1345
5812981270 1346
5812981274 1347
5812981275 1348
5812981277 1349
5812981279 1350
5812981290 1351
5812981308 1352
5812981318 1353
5812981320 1354
5812981322 1355
5812981327 1356
5812981332 1357
5812981333 1358
5812981339 1359
5812981340 1360
5812981341 1361
5812981348 1362
5812981356 1363
5812981357 1364
5812981359 1365
5812981361 1366
5812981363 1367
5812981364 1368
5812981365 1369
5812981373 1370
5812981379 1371
5812981381 1372
5812981390 1373
5812981399 1374
5812981400 1375
5812981401 1376
5812981432 1377
5812981441 1378
5812981467 1379
5812981543 1380
5812981553 1381
5812981563 1382
5812981564 1383
5812981569 1384
5812981570 1385
5812981578 1386
5812981581 1387
5812981582 1388
5812981586 1389
5812981590 1390
5812981602 1391
5812981607 1392
5812981616 1393
5812981618 1394
5812981619 1395
5812981641 1396
5812981643 1397
5812981654 1398
5812981667 1399
5812981669 1400
5812981670 1401
5812981671 1402
5812981673 1403
5812981676 1404
5812981679 1405
5812981680 1406
5812981689 1407
5812981690 1408
5812981702 1409
5812981703 1410
5812981704 1411
5812981706 1412
5812981717 1413
5812981763 1414
5812981796 1415
5812981797 1416
5812981800 1417
5812981816 1418
5812981853 1419
5812981858 1420
5812981895 1421
5812981924 1422
5812981932 1423
5812981943 1424
5812981944 1425
5812981947 1426
5812981950 1427
5812981951 1428
5812981960 1429
5812981961 1430
5812981962 1431
5812981965 1432
5812981970 1433
5812981971 1434
5812981978 1435
5812981986 1436
5812981989 1437
5812981990 1438
5812982000 1439
5812982011 1440
5812982012 1441
5812982017 1442
5812982020 1443
5812982072 1444
5812982086 1445
5812982087 1446
5812982088 1447
5812982091 1448
5812982118 1449
5812982120 1450
5812982125 1451
5812982145 1452
5812982149 1453
5812982154 1454
5812982162 1455
5812982168 1456
5812982177 1457
5812982192 1458
5812982198 1459
5812982200 1460
5812982204 1461
5812982205 1462
5812982211 1463
5812982216 1464
5812982220 1465
5812982252 1466
5812982273 1467
5812982316 1468
5812982328 1469
5812982329 1470
5812982350 1471
5812982371 1472
5812982372 1473
5812982374 1474
5812982388 1475
5812982389 1476
5812982390 1477
5812982397 1478
5812982403 1479
5812982420 1480
5812982421 1481
5812982422 1482
5812982426 1483
5812982429 1484
5812982430 1485
5812982436 1486
5812982437 1487
5812982442 1488
5812982466 1489
5812982470 1490
5812982471 1491
5812982490 1492
5812982492 1493
5812982505 1494
5812982506 1495
5812982514 1496
5812982520 1497
5812982521 1498
5812982529 1499
5812982530 1500
5812982532 1501
5812982547 1502
5812982556 1503
5812982562 1504
5812982566 1505
5812982577 1506
5812982578 1507
5812982579 1508
5812982589 1509
5812982594 1510
5812982602 1511
5812982610 1512
5812982620 1513
5812982657 1514
5812982692 1515
5812982694 1516
5812982706 1517
5812982725 1518
5812982727 1519
5812982760 1520
5812982761 1521
5812982766 1522
5812982779 1523
5812982780 1524
5812982782 1525
5812982795 1526
5812982802 1527
5812982803 1528
5812982823 1529
5812982825 1530
5812982826 1531
5812982832 1532
5812982837 1533
5812982871 1534
5812982872 1535
5812982874 1536
5812982875 1537
5812982876 1538
5812982877 1539
5812982924 1540
5812982925 1541
5812982999 1542
5812983003 1543
5812983006 1544
5812983009 1545
5812983012 1546
5812983023 1547
5812983028 1548
5812983038 1549
5812983042 1550
5812983043 1551
5812983101 1552
5812983106 1553
5812983107 1554
5812983112 1555
5812983114 1556
5812983131 1557
5812983133 1558
5812983134 1559
5812983147 1560
5812983152 1561
5812983166 1562
5812983174 1563
5812983192 1564
5812983199 1565
5812983200 1566
5812983206 1567
5812983213 1568
5812983268 1569
5812983272 1570
5812983298 1571
5812983302 1572
5812983303 1573
5812983309 1574
5812983310 1575
5812983319 1576
5812983321 1577
5812983322 1578
5812983323 1579
5812983328 1580
5812983330 1581
5812983337 1582
5812983345 1583
5812983346 1584
5812983399 1585
5812983418 1586
5812983423 1587
5812983427 1588
5812983429 1589
5812983438 1590
5812983448 1591
5812983451 1592
5812983454 1593
5812983455 1594
5812983522 1595
5812983526 1596
5812983528 1597
5812983533 1598
5812983544 1599
5812983569 1600
5812983571 1601
5812983575 1602
5812983576 1603
5812983578 1604
5812983579 1605
5812983608 1606
5812983645 1607
5812983646 1608
5812983657 1609
5812983658 1610
5812983673 1611
5812983745 1612
5812983837 1613
5812983851 1614
5812983861 1615
5812983866 1616
5812983869 1617
5812983871 1618
5812983898 1619
5812983899 1620
5812983903 1621
5812983942 1622
5812984045 1623
5812987762 1624
5812989173 1625
5812989588 1626
5812996052 1627
5813000276 1628
5813010617 1629
5813011555 1630
5813011717 1631
5813014858 1632
5813016743 1633
5813019513 1634
5813019543 1635
5813019607 1636
5813019609 1637
5813019763 1638
5813019770 1639
5813019772 1640
5813019774 1641
5813019779 1642
5813019801 1643
5813019917 1644
5813019976 1645
5813019982 1646
5813020041 1647
5813020046 1648
5813020047 1649
5813020052 1650
5813020057 1651
5813020061 1652
5813020089 1653
5813020132 1654
5813020136 1655
5813020271 1656
5813020274 1657
5813020288 1658
5813020424 1659
5813020473 1660
5813020491 1661
5813020493 1662
5813020828 1663
5813020830 1664
5813020831 1665
5813020988 1666
5813020996 1667
5813021016 1668
5813021017 1669
5813021019 1670
5813021023 1671
5813021033 1672
5813021135 1673
5813021174 1674
5813021183 1675
5813021251 1676
5813021261 1677
5813021263 1678
5813021273 1679
5813021275 1680
5813021277 1681
5813021289 1682
5813021291 1683
5813021292 1684
5813021294 1685
5813021296 1686
5813021301 1687
5813021303 1688
5813021304 1689
5813021311 1690
5813021312 1691
5813021313 1692
5813021314 1693
5813021315 1694
5813021316 1695
5813021319 1696
5813021326 1697
5813021332 1698
5813021336 1699
5813021341 1700
5813021363 1701
5813021379 1702
5813021380 1703
5813021382 1704
5813021386 1705
5813021397 1706
5813021399 1707
5813021400 1708
5813021401 1709
5813021404 1710
5813021411 1711
5813021415 1712
5813021417 1713
5813021441 1714
5813021446 1715
5813021447 1716
5813021449 1717
5813021452 1718
5813021463 1719
5813021464 1720
5813021465 1721
5813021469 1722
5813021471 1723
5813021474 1724
5813021615 1725
5813021642 1726
5813021645 1727
5813021647 1728
5813021659 1729
5813021736 1730
5813021748 1731
5813021766 1732
5813021772 1733
5813021778 1734
5813021779 1735
5813021781 1736
5813021786 1737
5813021788 1738
5813021792 1739
5813021799 1740
5813021805 1741
5813021806 1742
5813021808 1743
5813021809 1744
5813021812 1745
5813021822 1746
5813021828 1747
5813021829 1748
5813021832 1749
5813021844 1750
5813021848 1751
5813021856 1752
5813021865 1753
5813021874 1754
5813021882 1755
5813021904 1756
5813021989 1757
5813021999 1758
5813022037 1759
5813022042 1760
5813022049 1761
5813022050 1762
5813022054 1763
5813022060 1764
5813022076 1765
5813022117 1766
5813022119 1767
5813022133 1768
5813022175 1769
5813022199 1770
5813022201 1771
5813022203 1772
5813022207 1773
5813022210 1774
5813022212 1775
5813022232 1776
5813022234 1777
5813022239 1778
5813022267 1779
5813022341 1780
5813022352 1781
5813022404 1782
5813022424 1783
5813022792 1784
5813024601 1785
5813024710 1786
5813024712 1787
5813027400 1788
5813027460 1789
5813027518 1790
5813027584 1791
5813027592 1792
5813027704 1793
5813027747 1794
5813031268 1795
5813032245 1796
5813032504 1797
5813032512 1798
5813032514 1799
5813032541 1800
5813032552 1801
5813032554 1802
5813032593 1803
5813032694 1804
5813032702 1805
5813032734 1806
5813032759 1807
5813032771 1808
5813032782 1809
5813032811 1810
5813032813 1811
5813032868 1812
5813032874 1813
5813032876 1814
5813032887 1815
5813032896 1816
5813032900 1817
5813032943 1818
5813032946 1819
5813032967 1820
5813032997 1821
5813033000 1822
5813033009 1823
5813033012 1824
5813033059 1825
5813033065 1826
5813033086 1827
5813033125 1828
5813033127 1829
5813033144 1830
5813033196 1831
5813033208 1832
5813033215 1833
5813033226 1834
5813033259 1835
5813033267 1836
5813033277 1837
5813033312 1838
5813033314 1839
5813034571 1840
5813035267 1841
5813035275 1842
5813035318 1843
5813035558 1844
5813035612 1845
5813035613 1846
5813035700 1847
5813038793 1848
5813038889 1849
5813039235 1850
5813039315 1851
5813039465 1852
5813039471 1853
5813040171 1854
5813040205 1855
5813040492 1856
5813040515 1857
5813040731 1858
5813040887 1859
5813040892 1860
5813040941 1861
5813041206 1862
5813042616 1863
5813042659 1864
5813047220 1865
5813047221 1866
5813047662 1867
5813047676 1868
5813047784 1869
5813047790 1870
5813048214 1871
5813049834 1872
5813049920 1873
5813049966 1874
5813050727 1875
5813050729 1876
5813050765 1877
5813050818 1878
5813050820 1879
5813052909 1880
5813053821 1881
5813053878 1882
5813053885 1883
5813053886 1884
5813053888 1885
5813053935 1886
5813053937 1887
5813054085 1888
5813054086 1889
5813054342 1890
5813054343 1891
5813054643 1892
5813054697 1893
5813055025 1894
5813055048 1895
5813055147 1896
5813055162 1897
5813055180 1898
5813055184 1899
5813055889 1900
5813055914 1901
5813055916 1902
5813055923 1903
5813055924 1904
5813056020 1905
5813056028 1906
5813056072 1907
5813056110 1908
5813056120 1909
5813056121 1910
5813056180 1911
5813056183 1912
5813056234 1913
5813056299 1914
5813056300 1915
5813056305 1916
5813056307 1917
5813056309 1918
5813056311 1919
5813056313 1920
5813056327 1921
5813056355 1922
5813056372 1923
5813056383 1924
5813056390 1925
5813056395 1926
5813056414 1927
5813056596 1928
5813057132 1929
5813057187 1930
5813057191 1931
5813057210 1932
5813057213 1933
5813057227 1934
5813057239 1935
5813057468 1936
5813057573 1937
5813057675 1938
5813057867 1939
5813057869 1940
5813057942 1941
5813057947 1942
5813057956 1943
5813057959 1944
5813058048 1945
5813058069 1946
5813058106 1947
5813058137 1948
5813058163 1949
5813058215 1950
5813058310 1951
5813058431 1952
5813059951 1953
5813060614 1954
5813060643 1955
5813060663 1956
5813060774 1957
5813060776 1958
5813060798 1959
5813060799 1960
5813060811 1961
5813060812 1962
5813060817 1963
5813061044 1964
5813061112 1965
5813061260 1966
5813061560 1967
5813061597 1968
5813061625 1969
5813061879 1970
5813061888 1971
5813062565 1972
5813062617 1973
5813062631 1974
5813062635 1975
5813062637 1976
5813062645 1977
5813062830 1978
5813062842 1979
5813062850 1980
5813062858 1981
5813062862 1982
5813063140 1983
5813063224 1984
5813063229 1985
5813063239 1986
5813063280 1987
5813063449 1988
5813063527 1989
5813064410 1990
5813064427 1991
5813064793 1992
5813065308 1993
5813065443 1994
5813067708 1995
5813067736 1996
5813067761 1997
5813067765 1998
5813067779 1999
5813067792 2000
5813067793 2001
5813067795 2002
5813067817 2003
5813067826 2004
5813067833 2005
5813067836 2006
5813067858 2007
5813067869 2008
5813068669 2009
5813068687 2010
5813068690 2011
5813068692 2012
5813068700 2013
5813068729 2014
5813068743 2015
5813068752 2016
5813068969 2017
5813068984 2018
5813069089 2019
5813069096 2020
5813069114 2021
5813069379 2022
5813069385 2023
5813069387 2024
5813069447 2025
5813069792 2026
5813069965 2027
5813069977 2028
5813070270 2029
5813070369 2030
5813070581 2031
5813070672 2032
5813070872 2033
5813070991 2034
5813071348 2035
5813071406 2036
5813071409 2037
5813075020 2038
5813075202 2039
5813075824 2040
5813075855 2041
5813077572 2042
5813077575 2043
5813077579 2044
5813077582 2045
5813077583 2046
5813077589 2047
5813077607 2048
5813077610 2049
5813077611 2050
5813077613 2051
5813077616 2052
5813078053 2053
5813078064 2054
5813078179 2055
5813078323 2056
5813078499 2057
5813078507 2058
5813078552 2059
5813078555 2060
5813078595 2061
5813078603 2062
5813078679 2063
5813078684 2064
5813079050 2065
5813079174 2066
5813079489 2067
5813080254 2068
5813080343 2069
5813080766 2070
5813080842 2071
5813081174 2072
5813081175 2073
5813081176 2074
5813081511 2075
5813081797 2076
5813082175 2077
5813082459 2078
5813082811 2079
5813082847 2080
5813083651 2081
5813083719 2082
5813083779 2083
5813083990 2084
5813084505 2085
5813084692 2086
5813085240 2087
5813086212 2088
5813087453 2089
5813087798 2090
5813087817 2091
5813087831 2092
5813088058 2093
5813088767 2094
5813089804 2095
5813090605 2096
5813090861 2097
5813090947 2098
5813090976 2099
5813090997 2100
5813091021 2101
5813091211 2102
5813091313 2103
5813091420 2104
5813091744 2105
5813091758 2106
5813092931 2107
5813093014 2108
5813093111 2109
5813093171 2110
5813093544 2111
5813093847 2112
5813094364 2113
5813094743 2114
5813095018 2115
5813095238 2116
5813095472 2117
5813095523 2118
5813095915 2119
5813096129 2120
5813096260 2121
5813096281 2122
5813096528 2123
5813096699 2124
5813098738 2125
5813098776 2126
5813099399 2127
5813099783 2128
5813100896 2129
5813101387 2130
5813102642 2131
5813104095 2132
5813104096 2133
5813105172 2134
5813105778 2135
5813106192 2136
5813106497 2137
5813109913 2138
5813109941 2139
5813110133 2140
5813110152 2141
5813110161 2142
5813110238 2143
5813110459 2144
5813110639 2145
5813110928 2146
5813111042 2147
5813112511 2148
5813113782 2149
5813114253 2150
5813114700 2151
5813114971 2152
5813116530 2153
5813123501 2154
5813127030 2155
5813128649 2156
5813128857 2157
5813129453 2158
5813134052 2159
581332573 2160
581336531 2161
581621335 2162
581633934 2163
581678043 2164
582101022 2165
582139830 2166
582148591 2167
582355376 2168
583175492 2169
5901118896 2170
5901119177 2171
5901120254 2172
5901120279 2173
5901120450 2174
5901193485 2175
5901196446 2176
5901196925 2177
5901197726 2178
5901198074 2179
5901198345 2180
5901198538 2181
5901200337 2182
5901202076 2183
5901202102 2184
5901204896 2185
5901205545 2186
5901205770 2187
5901207528 2188
5901208278 2189
5901209758 2190
5901210064 2191
5901212541 2192
5901212906 2193
5901217787 2194
5901222910 2195
5901225361 2196
5901227104 2197
5901227537 2198
5901231246 2199
599674785 2200
600011602 2201
600356751 2202
600365719 2203
600667501 2204
600684832 2205
600693904 2206
600702348 2207
600702483 2208
600965298 2209
600978553 2210
601047826 2211
601047827 2212
601047853 2213
601302278 2214
601315273 2215
601319398 2216
601323921 2217
601388689 2218
601712754 2219
601725442 2220
601725569 2221
602118253 2222
602459169 2223
602459213 2224
602459682 2225
602476655 2226
602808843 2227
602809029 2228
603422422 2229
604368022 2230
604709727 2231
604731022 2232
605775210 2233
606090268 2234
607898830 2235
608240943 2236
608628936 2237
609941228 2238
610274029 2239
610274046 2240
610312734 2241
610618198 2242
610968248 2243
611037750 2244
611300533 2245
611304789 2246
611305085 2247
611309194 2248
611323175 2249
611646050 2250
611646132 2251
611646147 2252
611974080 2253
612323667 2254
612371421 2255
612414168 2256
612440702 2257
612638791 2258
612668833 2259
612669205 2260
612703762 2261
612738462 2262
612742165 2263
612742248 2264
612755343 2265
613044611 2266
613079053 2267
613083359 2268
613083375 2269
613398716 2270
613719036 2271
613847777 2272
630373425 2273
630373497 2274
630377642 2275
630381662 2276
630381893 2277
630714299 2278
630722830 2279
630722941 2280
630722975 2281
630727056 2282
630731599 2283
630748479 2284
631051012 2285
631051057 2286
631055506 2287
631059587 2288
631064055 2289
631374662 2290
631396256 2291
631396453 2292
631396532 2293
631400190 2294
631400288 2295
631400598 2296
631400622 2297
631400693 2298
631422121 2299
631422224 2300
631728731 2301
631733127 2302
631737164 2303
631737380 2304
631741308 2305
631741483 2306
632013356 2307
632017828 2308
632048075 2309
632069728 2310
632069757 2311
632069851 2312
632082635 2313
632086737 2314
632091116 2315
632341464 2316
632397510 2317
632397750 2318
632397780 2319
632397786 2320
632397798 2321
632402333 2322
632734572 2323
632764978 2324
632808044 2325
633144545 2326
633148704 2327
633148716 2328
633148859 2329
633149039 2330
633149202 2331
633498748 2332
633793553 2333
635062078 2334
635416407 2335
636789080 2336
638472166 2337
638481581 2338
638930511 2339
639452632 2340
640281116 2341
640471815 2342
640630581 2343
641157199 2344
641653381 2345
641709938 2346
642335523 2347
642335553 2348
642516892 2349
642680823 2350
642680826 2351
642680853 2352
642680881 2353
642680969 2354
642681035 2355
642689607 2356
642723975 2357
642732835 2358
643142863 2359
643362770 2360
643363111 2361
643501489 2362
643523134 2363
643535876 2364
643703819 2365
643739027 2366
643794320 2367
644148705 2368
644152981 2369
644417074 2370
644870768 2371
644896959 2372
645090294 2373
645224664 2374
660730340 2375
661076014 2376
661080007 2377
661084049 2378
661395129 2379
661399477 2380
661407917 2381
661408056 2382
661408094 2383
661421129 2384
661430106 2385
661430179 2386
661740600 2387
661740651 2388
661757811 2389
661766416 2390
662081640 2391
662081902 2392
662085486 2393
662085792 2394
662089919 2395
662094168 2396
662103124 2397
662107551 2398
662107593 2399
662409505 2400
662409582 2401
662414157 2402
662418320 2403
662452625 2404
662456848 2405
662461539 2406
662711769 2407
662728826 2408
662754991 2409
662763626 2410
662763904 2411
662767770 2412
662772373 2413
662772393 2414
662776660 2415
662789529 2416
662802782 2417
662806818 2418
663044088 2419
663091787 2420
663130304 2421
663134970 2422
663432544 2423
663493162 2424
663791170 2425
663834152 2426
664141134 2427
664184060 2428
664187932 2429
664188056 2430
664188083 2431
664188108 2432
664188129 2433
664188211 2434
664511977 2435
666135689 2436
667189309 2437
667486204 2438
667538952 2439
670651584 2440
670970540 2441
671005363 2442
672006007 2443
672352543 2444
672598344 2445
673029543 2446
673085197 2447
673366098 2448
673366263 2449
673370525 2450
673509195 2451
673715784 2452
673776769 2453
674056647 2454
674056882 2455
674100160 2456
674393414 2457
674398014 2458
674519060 2459
674738872 2460
674807824 2461
675144948 2462
675451588 2463
675468771 2464
675602461 2465
675763039 2466
676263239 2467
676612729 2468
676616719 2469
691760950 2470
692093440 2471
692110379 2472
692119287 2473
692430198 2474
692434135 2475
692775807 2476
692775814 2477
692792746 2478
692810011 2479
692818786 2480
692818802 2481
693034103 2482
693099031 2483
693099064 2484
693099102 2485
693099142 2486
693112035 2487
693116214 2488
693116396 2489
693121000 2490
693125004 2491
693125078 2492
693133603 2493
693159855 2494
693448777 2495
693453332 2496
693479072 2497
693483018 2498
693487880 2499
693500431 2500
693500652 2501
693785353 2502
693785371 2503
693785633 2504
693785740 2505
693785780 2506
693790141 2507
693794431 2508
693837780 2509
693841887 2510
693841929 2511
693846112 2512
693927941 2513
694126800 2514
694139687 2515
694147949 2516
694524222 2517
694834412 2518
695124651 2519
696829800 2520
697132371 2521
697485362 2522
698508565 2523
698970725 2524
699031185 2525
700321894 2526
701923413 2527
702692200 2528
702704906 2529
703387200 2530
704409534 2531
704409742 2532
704466265 2533
704742082 2534
704746449 2535
704746457 2536
704750475 2537
704750665 2538
704750673 2539
704750742 2540
704750766 2541
704750842 2542
704759205 2543
704816317 2544
705082892 2545
705091521 2546
705091769 2547
705091939 2548
705432638 2549
705432922 2550
705462899 2551
705774051 2552
706819341 2553
706840303 2554
707647321 2555
707660374 2556
7112624728 2557
7112625242 2558
7112625255 2559
7112625445 2560
7112626196 2561
722450065 2562
722463321 2563
722467632 2564
722467714 2565
722471778 2566
722471825 2567
722817260 2568
722821616 2569
723123991 2570
723128414 2571
723153828 2572
723158245 2573
723167312 2574
723469488 2575
723495119 2576
723508068 2577
723508086 2578
723508095 2579
723508162 2580
723810015 2581
723848801 2582
723849351 2583
723853340 2584
724134138 2585
724134170 2586
724138359 2587
724142845 2588
724151343 2589
724449040 2590
724488194 2591
724488362 2592
724522447 2593
724531411 2594
724763999 2595
724816115 2596
724816217 2597
724825187 2598
724829211 2599
724841759 2600
724867606 2601
724867917 2602
724876683 2603
724885340 2604
725174424 2605
725200110 2606
725217343 2607
726207450 2608
727472481 2609
729219639 2610
729867599 2611
729957687 2612
732038980 2613
733316908 2614
733458828 2615
733920949 2616
734944881 2617
735112319 2618
735134301 2619
735282133 2620
735470654 2621
735600320 2622
735785459 2623
735785541 2624
735785583 2625
735785639 2626
735785741 2627
735790008 2628
735941254 2629
736117977 2630
736122569 2631
736126563 2632
736126644 2633
736126668 2634
736126717 2635
736126732 2636
736126746 2637
736173896 2638
736463614 2639
736467526 2640
736467640 2641
736808522 2642
736808904 2643
736813212 2644
737149820 2645
737149964 2646
737150041 2647
737167616 2648
737491062 2649
738155917 2650
738531654 2651
739572008 2652
753489735 2653
753489892 2654
753489951 2655
753506746 2656
753839564 2657
753847960 2658
753852265 2659
753852396 2660
753852432 2661
754150161 2662
754154720 2663
754163207 2664
754184667 2665
754188911 2666
754188980 2667
754197850 2668
754202022 2669
754206396 2670
754473844 2671
754486618 2672
754491144 2673
754525744 2674
754534424 2675
754538763 2676
754538881 2677
754542738 2678
754547386 2679
754832123 2680
754854077 2681
754870859 2682
754879354 2683
754884149 2684
754893183 2685
755173189 2686
755173211 2687
755177787 2688
755224854 2689
755229523 2690
755234235 2691
755518957 2692
755527664 2693
755544921 2694
755851102 2695
755868550 2696
756196285 2697
756196541 2698
756567539 2699
756585129 2700
756601858 2701
756870190 2702
756904685 2703
759810119 2704
759960572 2705
760570054 2706
761938645 2707
762982753 2708
763730414 2709
765457262 2710
766298734 2711
766476379 2712
766493391 2713
766820559 2714
766838498 2715
767161652 2716
767161677 2717
767174553 2718
767473384 2719
767494105 2720
767502579 2721
767502627 2722
767502639 2723
767502657 2724
767502667 2725
767671354 2726
767852204 2727
767878191 2728
768184496 2729
768184604 2730
768184623 2731
768525593 2732
768525608 2733
768525647 2734
768555687 2735
768884949 2736
769018494 2737
769721865 2738
770692923 2739
784204967 2740
784533172 2741
784541732 2742
784541854 2743
784844007 2744
784844107 2745
784844112 2746
784844115 2747
784848362 2748
784848513 2749
784882707 2750
784895866 2751
785189156 2752
785189253 2753
785198372 2754
785232629 2755
785232649 2756
785456671 2757
785521487 2758
785521517 2759
785525736 2760
785525842 2761
785573850 2762
785582643 2763
785888696 2764
785914742 2765
785918963 2766
786221078 2767
786260089 2768
786273199 2769
786929029 2770
787908929 2771
788306624 2772
788306724 2773
788648194 2774
789934899 2775
790305346 2776
790922968 2777
791298858 2778
792019471 2779
792368888 2780
792692885 2781
794963206 2782
795814655 2783
796836697 2784
797187575 2785
797514653 2786
797687628 2787
797855394 2788
798027992 2789
798192091 2790
798192115 2791
798192162 2792
798196366 2793
798196389 2794
798196454 2795
798196461 2796
798356481 2797
798528850 2798
798533259 2799
798537392 2800
798537456 2801
798537538 2802
798537580 2803
798537638 2804
798537701 2805
798585556 2806
798693540 2807
798869986 2808
798874090 2809
798892246 2810
798908816 2811
799215269 2812
799219511 2813
799219795 2814
799362484 2815
799560834 2816
799578347 2817
799586652 2818
799901370 2819
799906141 2820
799919294 2821
800264315 2822
800622401 2823
800743420 2824
815222743 2825
815240159 2826
815568065 2827
815580911 2828
815585355 2829
815598761 2830
815909099 2831
815921891 2832
815922095 2833
815922112 2834
815926323 2835
815926332 2836
815926346 2837
815930761 2838
816219578 2839
816219622 2840
816219675 2841
816254592 2842
816263443 2843
816276055 2844
816276925 2845
816613438 2846
816962833 2847
817294806 2848
817299301 2849
817307776 2850
817985849 2851
817993932 2852
818637585 2853
818983130 2854
822009511 2855
822687493 2856
822708945 2857
829015629 2858
829231385 2859
829231457 2860
829235909 2861
829261936 2862
829279239 2863
829379400 2864
829568160 2865
829572252 2866
829572451 2867
829572494 2868
829572544 2869
829593966 2870
829598814 2871
829939688 2872
830276571 2873
830419511 2874
830586919 2875
830634936 2876
831273286 2877
834044577 2878
846270628 2879
846602958 2880
846611449 2881
846611908 2882
846616006 2883
846616159 2884
846620223 2885
846620287 2886
846952407 2887
846952683 2888
847250148 2889
847254513 2890
847254536 2891
847254566 2892
847254581 2893
847293869 2894
847297956 2895
847297982 2896
847302850 2897
847320165 2898
847595624 2899
847989021 2900
848287126 2901
848316930 2902
848321392 2903
848330091 2904
848662421 2905
848662441 2906
848666732 2907
848666776 2908
848692583 2909
849370246 2910
849370258 2911
849685478 2912
849707224 2913
850375847 2914
850388928 2915
851459972 2916
852724544 2917
858725815 2918
858937324 2919
859265651 2920
859618655 2921
859735285 2922
859765252 2923
859925004 2924
860257495 2925
860261985 2926
860265987 2927
860266014 2928
860266062 2929
860266123 2930
860266309 2931
860266346 2932
860266377 2933
860266404 2934
860603005 2935
860607168 2936
860607367 2937
860607450 2938
860607455 2939
860607480 2940
860607503 2941
860944055 2942
860983686 2943
861280857 2944
861285145 2945
861630613 2946
861634934 2947
861665641 2948
862312670 2949
862671913 2950
862705904 2951
877313996 2952
877318574 2953
877659583 2954
877659673 2955
877974490 2956
877982991 2957
877987539 2958
877987901 2959
877992236 2960
877992303 2961
878324222 2962
878324438 2963
878333234 2964
878333333 2965
878337317 2966
878346778 2967
878652627 2968
878670047 2969
879023901 2970
879032295 2971
880055173 2972
880383629 2973
880404940 2974
880409455 2975
881005404 2976
881057369 2977
882062667 2978
883414342 2979
887105351 2980
890118683 2981
890614937 2982
891301236 2983
891301315 2984
891629070 2985
891637860 2986
891642176 2987
891642215 2988
891642281 2989
891642345 2990
891978843 2991
893149866 2992
893158121 2993
893338749 2994
893347461 2995
893688605 2996
893710296 2997
893805187 2998
894020730 2999
908340253 3000
908353540 3001
908668340 3002
908668522 3003
908668556 3004
908685688 3005
908685859 3006
908689934 3007
908690107 3008
908699052 3009
909026561 3010
909026992 3011
909368173 3012
909372586 3013
909372602 3014
909704857 3015
909717461 3016
909730907 3017
909730911 3018
910063154 3019
910063307 3020
910386568 3021
910404284 3022
910412830 3023
911094343 3024
911332304 3025
911400981 3026
911755444 3027
911759695 3028
912601209 3029
915605943 3030
922354084 3031
922677093 3032
922677121 3033
923013923 3034
923018247 3035
923018290 3036
923027316 3037
923359312 3038
923385340 3039
923700162 3040
923726321 3041
923869685 3042
924049792 3043
924429714 3044
924723528 3045
924737391 3046
925799233 3047
939030036 3048
939729237 3049
939729706 3050
939733452 3051
939733918 3052
939734122 3053
939734266 3054
939738364 3055
939738376 3056
939738399 3057
939738424 3058
939738473 3059
939738477 3060
939742503 3061
939742609 3062
940070913 3063
940075056 3064
940075464 3065
940079170 3066
940079253 3067
940079513 3068
940079568 3069
940079657 3070
940079771 3071
940083749 3072
940084011 3073
940084060 3074
940084095 3075
940084152 3076
940087822 3077
940420292 3078
940425106 3079
940425171 3080
940425232 3081
940748411 3082
940752707 3083
940761352 3084
941102504 3085
941111195 3086
942777202 3087
943118619 3088
943822621 3089
945311344 3090
945820710 3091
946495259 3092
952723817 3093
952724101 3094
953029783 3095
953410147 3096
953712141 3097
953755666 3098
954053018 3099
954053251 3100
954053261 3101
954222134 3102
954528474 3103
954730964 3104
955464899 3105
955591114 3106
956138930 3107
970772961 3108
970777114 3109
970777224 3110
971113967 3111
971118202 3112
971118588 3113
971118724 3114
971459227 3115
972080542 3116
972128731 3117
972461072 3118
972810838 3119
973116931 3120
973146958 3121
973151229 3122
973488234 3123
973816592 3124
974498400 3125
974498428 3126
974498485 3127
974498492 3128
974507006 3129
974839683 3130
974843892 3131
975518615 3132
980982986 3133
983759126 3134
984405805 3135
984449267 3136
984453829 3137
984536209 3138
984746802 3139
985429128 3140
985498292 3141
985826737 3142
986793149 3143
986828383 3144
987273073 3145
987997896 3146
988852391 3147
