1006258344 1
1036504644 2
1037293275 3
1037517925 4
1316245799 5
1322012611 6
1322353841 7
1406966879 8
1418618235 9
1442819296 10
1536947502 11
1543124896 12
1543124950 13
1543124957 14
1547454812 15
1574159751 16
1574159997 17
1574160090 18
1574160129 19
1574164298 20
1574164579 21
1574501116 22
1574833154 23
1575170261 24
1575170425 25
1575170548 26
1578826464 27
1604858244 28
1604858301 29
1605186174 30
1605186300 31
1605186410 32
1605190291 33
1605190359 34
1605190489 35
1605190560 36
1605190603 37
1605190615 38
1605190625 39
1605194516 40
1605194797 41
1605195203 42
1605198915 43
1605199651 44
1605203628 45
1605204164 46
1605204239 47
1605205438 48
1605205482 49
1605522829 50
1605523130 51
1605523221 52
1605863918 53
1605863963 54
1605864014 55
1605864018 56
1605864500 57
1605864501 58
1609542060 59
1609878752 60
1609883245 61
1610224198 62
1610530558 63
1630051981 64
1635884589 65
1635884784 66
1635888647 67
1635889014 68
1635889103 69
1635893150 70
1635893275 71
1635893359 72
1635893408 73
1635893421 74
1635893494 75
1635893554 76
1636221010 77
1636221143 78
1636221188 79
1636221240 80
1636225271 81
1636225296 82
1636225341 83
1636225363 84
1636225489 85
1636225502 86
1636225517 87
1636225531 88
1636225559 89
1636225564 90
1636225589 91
1636225622 92
1636225661 93
1636229688 94
1636229755 95
1636233881 96
1636233970 97
1636233979 98
1636234012 99
1636234045 100
1636238659 101
1636238769 102
1636238887 103
1636238971 104
1636239206 105
1636240001 106
1636557601 107
1636557945 108
1636558008 109
1636558202 110
1636558291 111
1636558405 112
1636898862 113
1636899236 114
1636899254 115
1637231631 116
1637239858 117
1637239941 118
1637239975 119
1637240364 120
1637568633 121
1638315078 122
1639010352 123
1639230478 124
1639234609 125
1639243580 126
1639252213 127
1639368236 128
1639381243 129
1639579954 130
1639588874 131
1639588904 132
1639593146 133
1639709286 134
1639709508 135
1639709544 136
1639886198 137
1639921133 138
1639921179 139
1639925326 140
1639925359 141
1639938708 142
1640050851 143
1640257586 144
1640279391 145
1640555311 146
1640568102 147
1640572741 148
1640577143 149
1640581107 150
1640594274 151
1640887603 152
1640909284 153
1640913594 154
1640922516 155
1640922754 156
1640926495 157
1640926761 158
1641250391 159
1641250455 160
1641254638 161
1642623277 162
1661769627 163
1666574199 164
1666578148 165
1666578327 166
1666578620 167
1666578623 168
1666578624 169
1666578629 170
1666582562 171
1666582877 172
1666583002 173
1666586731 174
1666586817 175
1666586873 176
1666587007 177
1666587375 178
1666591156 179
1666596157 180
1666910607 181
1666910636 182
1666910690 183
1666914838 184
1666914948 185
1666914962 186
1666914994 187
1666915031 188
1666915045 189
1666915165 190
1666915169 191
1666915198 192
1666915286 193
1666915408 194
1666919180 195
1666919254 196
1666919260 197
1666919287 198
1666919411 199
1666919676 200
1666923367 201
1666923427 202
1666923551 203
1666923703 204
1666923720 205
1666928084 206
1666928150 207
1666928495 208
1666932304 209
1666932688 210
1666932704 211
1666932850 212
1666936597 213
1666954322 214
1667247553 215
1667247833 216
1667251683 217
1667251907 218
1667255933 219
1667260226 220
1667260236 221
1667260242 222
1667260271 223
1667260273 224
1667260659 225
1667264339 226
1667264461 227
1667277506 228
1667281936 229
1667592446 230
1667592481 231
1667592552 232
1667592575 233
1667592674 234
1667592917 235
1667592954 236
1667593128 237
1667597008 238
1667597412 239
1667929661 240
1667929794 241
1667933626 242
1667933640 243
1667933908 244
1667933931 245
1667934038 246
1667995030 247
1668258376 248
1668262697 249
1668266547 250
1668266562 251
1668270697 252
1668275074 253
1668335478 254
1668599546 255
1668603328 256
1668603435 257
1668603457 258
1668607518 259
1668611764 260
1668616407 261
1668676767 262
1668940163 263
1668940289 264
1668943729 265
1668944259 266
1668944307 267
1668948547 268
1669017843 269
1669018304 270
1669021944 271
1669272579 272
1669280923 273
1669281037 274
1669358817 275
1669363503 276
1669621744 277
1669621996 278
1669622057 279
1669626597 280
1669699436 281
1669699714 282
1669704840 283
1669708938 284
1669716903 285
1669716934 286
1669716941 287
1669721441 288
1669721587 289
1669725839 290
1669726032 291
1669730156 292
1669915315 293
1669919662 294
1669919865 295
1669924220 296
1669928799 297
1669928802 298
1669933011 299
1669946117 300
1669949998 301
1669967018 302
1670045635 303
1670247742 304
1670252047 305
1670252082 306
1670252091 307
1670252125 308
1670256057 309
1670256074 310
1670256121 311
1670256123 312
1670256170 313
1670256200 314
1670256208 315
1670256226 316
1670256275 317
1670256285 318
1670256369 319
1670256374 320
1670256379 321
1670260748 322
1670264761 323
1670265016 324
1670265095 325
1670269656 326
1670273743 327
1670278227 328
1670282465 329
1670286505 330
1670286565 331
1670286643 332
1670286938 333
1670287030 334
1670290830 335
1670290840 336
1670291083 337
1670295588 338
1670295679 339
1670299473 340
1670381907 341
1670382036 342
1670386270 343
1670390647 344
1670411672 345
1670584497 346
1670588784 347
1670588790 348
1670593041 349
1670593195 350
1670593240 351
1670597202 352
1670597359 353
1670597454 354
1670597533 355
1670610554 356
1670618642 357
1670623318 358
1670623474 359
1670623676 360
1670623716 361
1670627821 362
1670627928 363
1670628153 364
1670632284 365
1670632335 366
1670632384 367
1670632390 368
1670636531 369
1670640429 370
1670748385 371
1670761442 372
1670916819 373
1670934124 374
1670934213 375
1670934229 376
1670938273 377
1670938437 378
1670938446 379
1670960408 380
1670969304 381
1670969318 382
1670972802 383
1670973150 384
1671257931 385
1671270646 386
1671270875 387
1671271225 388
1671283628 389
1671283826 390
1671292634 391
1671292694 392
1671292719 393
1671297064 394
1671305698 395
1671603266 396
1671603328 397
1671608112 398
1671616310 399
1671616374 400
1671616397 401
1671620573 402
1671620613 403
1671620813 404
1671620917 405
1671621020 406
1671621030 407
1671625238 408
1671629267 409
1671629301 410
1671629585 411
1671638278 412
1671642346 413
1671944099 414
1671952714 415
1671961938 416
1671965948 417
1671966064 418
1671966114 419
1671966229 420
1671966254 421
1671970212 422
1671970331 423
1671970367 424
1671970683 425
1671970762 426
1671974365 427
1672293878 428
1672298077 429
1672307311 430
1672311578 431
1672311668 432
1672315788 433
1672316122 434
1672316164 435
1672316168 436
1672319994 437
1672320134 438
1672635273 439
1672639485 440
1672643988 441
1672652372 442
1692817033 443
1693827279 444
1696948638 445
1697263685 446
1697272285 447
1697276313 448
1697276582 449
1697276648 450
1697276695 451
1697280776 452
1697280847 453
1697280950 454
1697281203 455
1697285129 456
1697285165 457
1697285307 458
1697285520 459
1697285565 460
1697285571 461
1697285610 462
1697600363 463
1697604748 464
1697605071 465
1697608583 466
1697608860 467
1697609151 468
1697609381 469
1697613072 470
1697613132 471
1697613170 472
1697613300 473
1697613314 474
1697613458 475
1697613466 476
1697613506 477
1697613513 478
1697613611 479
1697613650 480
1697617556 481
1697617570 482
1697617587 483
1697621641 484
1697621973 485
1697621981 486
1697630404 487
1697648168 488
1697937875 489
1697941039 490
1697945551 491
1697945569 492
1697949646 493
1697949713 494
1697949895 495
1697949977 496
1697954189 497
1697954208 498
1697958405 499
1697988867 500
1697993770 501
1698002425 502
1698274536 503
1698278095 504
1698278105 505
1698278346 506
1698286329 507
1698334367 508
1698338840 509
1698338865 510
1698338958 511
1698343052 512
1698618777 513
1698618858 514
1698619179 515
1698619238 516
1698623120 517
1698623131 518
1698679708 519
1698693312 520
1698956390 521
1699029525 522
1699379523 523
1699633453 524
1699633680 525
1699637626 526
1699698428 527
1699711025 528
1699711114 529
1699711405 530
1699715276 531
1699715494 532
1699719901 533
1699957886 534
1699961833 535
1699961883 536
1699961895 537
1699961956 538
1699962012 539
1699962040 540
1699962056 541
1699962188 542
1699966364 543
1699966555 544
1699974338 545
1699974843 546
1700052335 547
1700294219 548
1700298673 549
1700298962 550
1700299033 551
1700303013 552
1700303249 553
1700307582 554
1700319770 555
1700328422 556
1700393451 557
1700596143 558
1700596168 559
1700600598 560
1700604830 561
1700604898 562
1700604950 563
1700605059 564
1700605075 565
1700609155 566
1700609238 567
1700609292 568
1700609325 569
1700613376 570
1700613391 571
1700613524 572
1700613531 573
1700613639 574
1700613707 575
1700617897 576
1700635321 577
1700635521 578
1700639697 579
1700639720 580
1700644008 581
1700652037 582
1700652765 583
1700657154 584
1700661304 585
1700739144 586
1700743216 587
1700932816 588
1700932879 589
1700937093 590
1700937308 591
1700941352 592
1700941431 593
1700941475 594
1700941629 595
1700941902 596
1700946085 597
1700946301 598
1700946302 599
1700980265 600
1700980443 601
1700980593 602
1700980626 603
1700980659 604
1700980693 605
1700980727 606
1700984539 607
1700984878 608
1701273869 609
1701277993 610
1701278023 611
1701282729 612
1701286638 613
1701287251 614
1701299822 615
1701312982 616
1701343239 617
1701614773 618
1701614779 619
1701614885 620
1701614980 621
1701614996 622
1701628254 623
1701628317 624
1701640773 625
1701675332 626
1701675592 627
1701757711 628
1701947337 629
1701960292 630
1701969373 631
1701999467 632
1702021357 633
1702107389 634
1702301695 635
1702301766 636
1702305987 637
1702306037 638
1702310266 639
1702318994 640
1702323245 641
1702323386 642
1702323388 643
1702336197 644
1702642353 645
1702647113 646
1702651358 647
1702668580 648
1702802179 649
1702810993 650
1703000805 651
1703017933 652
1703018165 653
1703147500 654
1703151910 655
1703337673 656
1703337982 657
1703342127 658
1703342190 659
1703346294 660
1703346462 661
1703359176 662
1703363258 663
1703363456 664
1703678670 665
1703682799 666
1703682848 667
1703682852 668
1703683023 669
1703683361 670
1703691458 671
1703695886 672
1703699955 673
1704006659 674
1704011227 675
1704028333 676
1704036587 677
1704347707 678
1723506321 679
1727961873 680
1727970209 681
1727970309 682
1727975215 683
1727979406 684
1727987554 685
1727988111 686
1727996245 687
1728294045 688
1728294318 689
1728298525 690
1728307233 691
1728311554 692
1728311658 693
1728315957 694
1728639981 695
1728652192 696
1728975990 697
1728984763 698
1729312828 699
1729312857 700
1729317173 701
1729321593 702
1729650077 703
1729650124 704
1729982373 705
1729991014 706
1729995175 707
1729999155 708
1730315051 709
1730319288 710
1730327790 711
1730647280 712
1730651423 713
1730651473 714
1730651751 715
1730651767 716
1730754676 717
1730979793 718
1730988388 719
1730992706 720
1730996778 721
1731018438 722
1731109531 723
1731290073 724
1731294438 725
1731294496 726
1731298838 727
1731298907 728
1731303224 729
1731303242 730
1731307775 731
1731312117 732
1731325118 733
1731354634 734
1731354983 735
1731363527 736
1731626597 737
1731626686 738
1731626687 739
1731626696 740
1731631045 741
1731631051 742
1731631097 743
1731631162 744
1731631196 745
1731631236 746
1731640090 747
1732002326 748
1732110512 749
1732313117 750
1732335034 751
1732347723 752
1732360891 753
1732451638 754
1732455860 755
1732662644 756
1732667174 757
1732701761 758
1732710728 759
1732714479 760
1732714978 761
1732719013 762
1732719340 763
1732719510 764
1732792926 765
1732797061 766
1732990947 767
1732995501 768
1733056086 769
1733176434 770
1733362255 771
1733370882 772
1733387903 773
1733402071 774
1733491818 775
1733677514 776
1733833296 777
1734022523 778
1734182300 779
1734350776 780
1734350788 781
1734350800 782
1734350801 783
1734350808 784
1734350882 785
1734350908 786
1734355225 787
1734355247 788
1734355428 789
1734355450 790
1734355466 791
1734359876 792
1734372986 793
1734376987 794
1734377152 795
1734381013 796
1734420152 797
1734691670 798
1734691780 799
1734691853 800
1734691865 801
1734696429 802
1734696604 803
1734696656 804
1734704874 805
1734705201 806
1734705240 807
1734717977 808
1734718023 809
1734718081 810
1734718131 811
1734718171 812
1734718175 813
1734718209 814
1734722060 815
1734722214 816
1734726319 817
1734730862 818
1734739361 819
1735032816 820
1735037070 821
1735037194 822
1735037273 823
1735041817 824
1735041965 825
1735042035 826
1735050696 827
1735050861 828
1735054428 829
1735054607 830
1735054881 831
1735058800 832
1735058916 833
1735059028 834
1735059070 835
1735059089 836
1735063134 837
1735063443 838
1735067302 839
1735071492 840
1735378183 841
1735378225 842
1735378236 843
1735382530 844
1735382574 845
1735386920 846
1735391275 847
1735395504 848
1735395524 849
1735399719 850
1735404269 851
1755556097 852
1755556277 853
1756579280 854
1758327834 855
1758332523 856
1758337351 857
1758664674 858
1758664678 859
1758664692 860
1758664807 861
1758673652 862
1758673668 863
1758993191 864
1759001329 865
1759019221 866
1759329294 867
1759329458 868
1759342056 869
1759662154 870
1759670012 871
1759674685 872
1759682777 873
1759999022 874
1760080402 875
1760672364 876
1760684911 877
1760770838 878
1761345181 879
1761345315 880
1761354106 881
1761354107 882
1761660556 883
1761992915 884
1762014090 885
1762109467 886
1762143995 887
1762320660 888
1762320684 889
1762320698 890
1762320708 891
1762325266 892
1762346768 893
1762346937 894
1762351201 895
1762354941 896
1762359683 897
1762372489 898
1762385236 899
1762463737 900
1762657342 901
1762657390 902
1762661722 903
1762674761 904
1762683224 905
1762687580 906
1762704980 907
1762722313 908
1762804655 909
1763028812 910
1763037543 911
1763136670 912
1763136774 913
1763141118 914
1763145263 915
1763145289 916
1763149978 917
1763167252 918
1763360713 919
1763369932 920
1763400141 921
1763417310 922
1763421945 923
1763473480 924
1763477766 925
1763486214 926
1763693549 927
1763728340 928
1763754346 929
1763823186 930
1763831814 931
1763836115 932
1764034593 933
1764073603 934
1764091241 935
1764100040 936
1764168474 937
1764388538 938
1764427482 939
1764431422 940
1764445682 941
1764699151 942
1764703462 943
1764703552 944
1764708187 945
1764733951 946
1764764305 947
1764768611 948
1764768842 949
1765040289 950
1765044577 951
1765044896 952
1765053669 953
1765083540 954
1765088159 955
1765101135 956
1765101274 957
1765104972 958
1765105564 959
1765109775 960
1765381455 961
1765386030 962
1765394273 963
1765398738 964
1765403303 965
1765415970 966
1765420143 967
1765446721 968
1765727039 969
1765731259 970
1765748649 971
1765756933 972
1765757361 973
1765761177 974
1765765942 975
1766068129 976
1766068153 977
1766106647 978
1766111002 979
1766119872 980
1766409090 981
1766413024 982
1766434854 983
1766435031 984
1766439452 985
1766443374 986
1766753982 987
1766754285 988
1766758683 989
1766762919 990
1788300760 991
1788676257 992
1788680513 993
1788680762 994
1788685103 995
1788689504 996
1789034579 997
1789358560 998
1789358636 999
1789363459 1000
1789370758 1001
1789695634 1002
1789695647 1003
1789742943 1004
1789747116 1005
1790027507 1006
1790027811 1007
1790027860 1008
1790078970 1009
1790079036 1010
1790083460 1011
1790368589 1012
1790709210 1013
1790760961 1014
1790770089 1015
1791033954 1016
1791706291 1017
1791728189 1018
1791784002 1019
1791784004 1020
1791784021 1021
1791784044 1022
1791784074 1023
1792052241 1024
1792125082 1025
1792384630 1026
1792389092 1027
1792461775 1028
1792690973 1029
1792703728 1030
1792721178 1031
1792751315 1032
1792802753 1033
1792802765 1034
1792807347 1035
1793009969 1036
1793010029 1037
1793010051 1038
1793010128 1039
1793014287 1040
1793014297 1041
1793014384 1042
1793014435 1043
1793014580 1044
1793014716 1045
1793019211 1046
1793058017 1047
1793058139 1048
1793143865 1049
1793152975 1050
1793153070 1051
1793346872 1052
1793351108 1053
1793351123 1054
1793351401 1055
1793403522 1056
1793489216 1057
1793489224 1058
1793489249 1059
1793498041 1060
1793498432 1061
1793692357 1062
1793696526 1063
1793696587 1064
1793744512 1065
1793830155 1066
1793830259 1067
1793830307 1068
1794037618 1069
1794037915 1070
1794055377 1071
1794076703 1072
1794080892 1073
1794111598 1074
1794115397 1075
1794115672 1076
1794119455 1077
1794171243 1078
1794171277 1079
1794171596 1080
1794189491 1081
1794374434 1082
1794417626 1083
1794447723 1084
1794452513 1085
1794456937 1086
1794543004 1087
1794711172 1088
1794719592 1089
1794789355 1090
1794793050 1091
1794793680 1092
1794793747 1093
1794797705 1094
1795056456 1095
1795060858 1096
1795073907 1097
1795087145 1098
1795091692 1099
1795100203 1100
1795100335 1101
1795112882 1102
1795125853 1103
1795126050 1104
1795130353 1105
1795402166 1106
1795410644 1107
1795440828 1108
1795484390 1109
1795544444 1110
1795544483 1111
1795734015 1112
1795734228 1113
1795742734 1114
1795777790 1115
1795786203 1116
1795790157 1117
1795799176 1118
1795807889 1119
1796075454 1120
1796075469 1121
1796079753 1122
1796080038 1123
1796157101 1124
1796416505 1125
1796420624 1126
1796446452 1127
1796481224 1128
1796481518 1129
1796757163 1130
1796757192 1131
1796757522 1132
1796761826 1133
1796766157 1134
1796795993 1135
1796809680 1136
1796813596 1137
1796813992 1138
1796817841 1139
1796818119 1140
1796818191 1141
1796822470 1142
1797107163 1143
1797163895 1144
1797439276 1145
1797443721 1146
1797444052 1147
1797460926 1148
1797478034 1149
1797505019 1150
1797789401 1151
1797793830 1152
1797814929 1153
1797814956 1154
1797815029 1155
1797815065 1156
1818307672 1157
1820388536 1158
1820720776 1159
1820720998 1160
1820721367 1161
1821054097 1162
1821062060 1163
1821062183 1164
1821062392 1165
1821062423 1166
1821062473 1167
1821062620 1168
1821062621 1169
1821062848 1170
1821395094 1171
1821395351 1172
1821403375 1173
1821403388 1174
1821403418 1175
1821403502 1176
1821403618 1177
1821403680 1178
1821740100 1179
1821744519 1180
1822055297 1181
1822055337 1182
1822055381 1183
1822060683 1184
1822396671 1185
1822404878 1186
1822742031 1187
1823073697 1188
1823363190 1189
1823367829 1190
1823388990 1191
1823393762 1192
1823708499 1193
1823708611 1194
1823712908 1195
1823713211 1196
1823717721 1197
1823743438 1198
1823760486 1199
1823790706 1200
1824049537 1201
1824049560 1202
1824054016 1203
1824097262 1204
1824101645 1205
1824110399 1206
1824123418 1207
1824127525 1208
1824425072 1209
1824464362 1210
1824472937 1211
1824723104 1212
1824727275 1213
1824731356 1214
1824745150 1215
1824801327 1216
1824804722 1217
1824805341 1218
1824813936 1219
1824865496 1220
1825085656 1221
1825137958 1222
1825146110 1223
1825146295 1224
1825155144 1225
1825422195 1226
1825430739 1227
1825435216 1228
1825440160 1229
1825474976 1230
1825780518 1231
1825789179 1232
1825815449 1233
1825828174 1234
1826121523 1235
1826130437 1236
1826139038 1237
1826164630 1238
1826169531 1239
1826169618 1240
1826173903 1241
1826432353 1242
1826445251 1243
1826458709 1244
1826463069 1245
1826488312 1246
1826492720 1247
1826506396 1248
1826566083 1249
1826773575 1250
1826773768 1251
1826773830 1252
1826781943 1253
1826804080 1254
1826829683 1255
1826829734 1256
1826929327 1257
1827110060 1258
1827114589 1259
1827122986 1260
1827149116 1261
1827149288 1262
1827446803 1263
1827473315 1264
1827477116 1265
1827481724 1266
1827481734 1267
1827516518 1268
1827516566 1269
1827633289 1270
1827800716 1271
1827861908 1272
1827861955 1273
1827861966 1274
1828163689 1275
1828163783 1276
1828163812 1277
1828163860 1278
1828163951 1279
1828168162 1280
1828168182 1281
1828168256 1282
1828168291 1283
1828172336 1284
1828189572 1285
1828194121 1286
1828198429 1287
1828198909 1288
1828206773 1289
1828474585 1290
1828505022 1291
1828505030 1292
1828509124 1293
1828509305 1294
1828530446 1295
1828544102 1296
1828841178 1297
1828845666 1298
1850024931 1299
1850706912 1300
1850711304 1301
1851061177 1302
1851393805 1303
1851756822 1304
1851756979 1305
1851757063 1306
1852084817 1307
1852093674 1308
1852097022 1309
1852097284 1310
1852429536 1311
1852853080 1312
1853758939 1313
1854083318 1314
1854117634 1315
1854406514 1316
1854407104 1317
1854419820 1318
1854428203 1319
1854432507 1320
1854536305 1321
1854800121 1322
1854808218 1323
1854876962 1324
1855118785 1325
1855145142 1326
1855158058 1327
1855166479 1328
1855412441 1329
1855477539 1330
1855507366 1331
1855797289 1332
1855814034 1333
1855822994 1334
1855844720 1335
1855848320 1336
1856103073 1337
1856129403 1338
1856155139 1339
1856172613 1340
1856466057 1341
1856513745 1342
1856522421 1343
1856526787 1344
1856820042 1345
1856837302 1346
1856854145 1347
1856858981 1348
1856867727 1349
1857143769 1350
1857148391 1351
1857160665 1352
1857169290 1353
1857200218 1354
1857200253 1355
1857485083 1356
1857502247 1357
1857528157 1358
1857532273 1359
1857541345 1360
1857799548 1361
1857808306 1362
1857825571 1363
1857830017 1364
1857838469 1365
1858162227 1366
1858162307 1367
1858171399 1368
1858171515 1369
1858171556 1370
1858171584 1371
1858209686 1372
1858210012 1373
1858486077 1374
1858512256 1375
1858517007 1376
1858529516 1377
1858822939 1378
1858857544 1379
1858857698 1380
1858857715 1381
1858857755 1382
1858857867 1383
1858857875 1384
1858861830 1385
1858861881 1386
1858862089 1387
1858866679 1388
1858887650 1389
1858891914 1390
1858892359 1391
1858896269 1392
1859190013 1393
1859194620 1394
1859198542 1395
1859198653 1396
1859202920 1397
1859220826 1398
1859224592 1399
1859224739 1400
1859229253 1401
1859238148 1402
1859522482 1403
1859543555 1404
1859565686 1405
1859570142 1406
1859574636 1407
1859574676 1408
1859579279 1409
1859859247 1410
1859880427 1411
1859880766 1412
1859915060 1413
1859915287 1414
1860225715 1415
1881059780 1416
1881401277 1417
1881751117 1418
1882083076 1419
1882791848 1420
1883128139 1421
1883447515 1422
1883468979 1423
1883469292 1424
1883469542 1425
1883469558 1426
1883469572 1427
1883473629 1428
1883783683 1429
1883783710 1430
1883783723 1431
1883783769 1432
1883783789 1433
1883783906 1434
1883783945 1435
1883788812 1436
1883801148 1437
1884125092 1438
1884125111 1439
1884138473 1440
1884146828 1441
1884789889 1442
1885101169 1443
1885105337 1444
1885109710 1445
1885113597 1446
1885152602 1447
1885157474 1448
1885169544 1449
1885445689 1450
1885471779 1451
1885502165 1452
1885765506 1453
1885765762 1454
1885782720 1455
1885791174 1456
1885808809 1457
1885821605 1458
1886132855 1459
1886149869 1460
1886179831 1461
1886192431 1462
1886192757 1463
1886447240 1464
1886447992 1465
1886512087 1466
1886788224 1467
1886788295 1468
1886788309 1469
1886788314 1470
1886788340 1471
1886788368 1472
1886788784 1473
1886805764 1474
1886870366 1475
1887129331 1476
1887155684 1477
1887160257 1478
1887163927 1479
1887177026 1480
1887203134 1481
1887203478 1482
1887203652 1483
1887466111 1484
1887470461 1485
1887470632 1486
1887539871 1487
1887544593 1488
1887552731 1489
1887557164 1490
1887565909 1491
1887867926 1492
1888183031 1493
1888183512 1494
1888199872 1495
1888217218 1496
1888221700 1497
1888226078 1498
1888506358 1499
1888528200 1500
1888572074 1501
1888860489 1502
1888869644 1503
1888908241 1504
1889180054 1505
1889201905 1506
1889202081 1507
1889205779 1508
1889206087 1509
1889206157 1510
1889210507 1511
1889210665 1512
1889245285 1513
1889253763 1514
1889253785 1515
1889266295 1516
1889547160 1517
1889556189 1518
1889586516 1519
1889883640 1520
1889883843 1521
1889884191 1522
1889892278 1523
1889892543 1524
1889931525 1525
1890216176 1526
1890233501 1527
1890237393 1528
1890242262 1529
1890242331 1530
1890263452 1531
1890272574 1532
1890570489 1533
1890570586 1534
1890574357 1535
1890574706 1536
1890902931 1537
1890907320 1538
1890907348 1539
1890907372 1540
1890915222 1541
1890915361 1542
1890915703 1543
1890915794 1544
1891256365 1545
1891260859 1546
1912435859 1547
1912777226 1548
1913480167 1549
1914140664 1550
1914162448 1551
1914500037 1552
1914500150 1553
1914823337 1554
1914823414 1555
1915155348 1556
1915159759 1557
1915609310 1558
1915837804 1559
1915855638 1560
1915867748 1561
1916157698 1562
1916192326 1563
1916472181 1564
1916485259 1565
1916490166 1566
1916502458 1567
1916800213 1568
1916869473 1569
1917141426 1570
1917188956 1571
1917219680 1572
1917551840 1573
1917823111 1574
1917823351 1575
1917823571 1576
1917866877 1577
1917892574 1578
1918173122 1579
1918173212 1580
1918207300 1581
1918234033 1582
1918522953 1583
1918527219 1584
1918565786 1585
1918846818 1586
1918885778 1587
1918889952 1588
1918911323 1589
1918924611 1590
1918937299 1591
1919208947 1592
1919239605 1593
1919589289 1594
1919597826 1595
1919598356 1596
1919602453 1597
1919602465 1598
1919606507 1599
1919606824 1600
1919606852 1601
1919611150 1602
1919904032 1603
1919913096 1604
1919934500 1605
1919947917 1606
1919947985 1607
1919952117 1608
1919952136 1609
1919952145 1610
1919956523 1611
1919956557 1612
1920042851 1613
1920223616 1614
1920258391 1615
1920258429 1616
1920275554 1617
1920288829 1618
1920292924 1619
1920292932 1620
1920292983 1621
1920297251 1622
1920297317 1623
1920301256 1624
1920586193 1625
1920590263 1626
1920590422 1627
1920590638 1628
1920594918 1629
1920599403 1630
1920603834 1631
1920603930 1632
1920603934 1633
1920608152 1634
1920608162 1635
1920616720 1636
1920629196 1637
1920629312 1638
1920633993 1639
1920634004 1640
1920944950 1641
1920949241 1642
1921251442 1643
1921255349 1644
1921255398 1645
1921255581 1646
1921260093 1647
1921264137 1648
1921264195 1649
1921264210 1650
1921272712 1651
1921281041 1652
1921285706 1653
1921285739 1654
1921290382 1655
1921290498 1656
1921294743 1657
1921307662 1658
1921311314 1659
1921587983 1660
1921587989 1661
1921588005 1662
1921592245 1663
1921592406 1664
1921596253 1665
1921600436 1666
1921605131 1667
1921605351 1668
1921609426 1669
1921622081 1670
1921626388 1671
1921626543 1672
1921635826 1673
1921639938 1674
1921648917 1675
1921928933 1676
1921933455 1677
1921937701 1678
1921937773 1679
1921942015 1680
1921946032 1681
1921946316 1682
1921950610 1683
1921954535 1684
1921954590 1685
1921955027 1686
1922278546 1687
1922282965 1688
1922286868 1689
1922287349 1690
1922291297 1691
1922291708 1692
1922295452 1693
1922295549 1694
1922295728 1695
1922295804 1696
1922295837 1697
1922295855 1698
1922296059 1699
1922299736 1700
1922299788 1701
1922299935 1702
1943811511 1703
1943811736 1704
1943812176 1705
1944502935 1706
1944507292 1707
1945608021 1708
1945875433 1709
1946178096 1710
1946850979 1711
1946851619 1712
1947157213 1713
1947563799 1714
1947576980 1715
1947577039 1716
1947580951 1717
1947584968 1718
1947835497 1719
1947869866 1720
1947921782 1721
1947925992 1722
1947926043 1723
1947926093 1724
1947926117 1725
1948172360 1726
1948249993 1727
1948262528 1728
1948262973 1729
1948271485 1730
1948512982 1731
1948513200 1732
1948525914 1733
1948530231 1734
1948586768 1735
1948595057 1736
1948595517 1737
1948599372 1738
1948603941 1739
1948608265 1740
1948608346 1741
1948612864 1742
1948613071 1743
1948867062 1744
1948940756 1745
1948949392 1746
1948949399 1747
1948953753 1748
1949212134 1749
1949238259 1750
1949273327 1751
1949277120 1752
1949277612 1753
1949281715 1754
1949281867 1755
1949609201 1756
1949609807 1757
1949959597 1758
1949959710 1759
1949963384 1760
1949963653 1761
1949963738 1762
1949963933 1763
1949967960 1764
1949968014 1765
1949968022 1766
1950235142 1767
1950300694 1768
1950304683 1769
1950304912 1770
1950304963 1771
1950305000 1772
1950309168 1773
1950637186 1774
1950641434 1775
1950641537 1776
1950641562 1777
1950645340 1778
1950645499 1779
1950645656 1780
1950649874 1781
1950649953 1782
1950654449 1783
1950943473 1784
1950943744 1785
1950948074 1786
1950956576 1787
1950978227 1788
1950982362 1789
1950982707 1790
1950995241 1791
1950995474 1792
1950995575 1793
1950995585 1794
1951297019 1795
1951297493 1796
1951297509 1797
1951331796 1798
1951331995 1799
1951629651 1800
1951634193 1801
1951638332 1802
1951638336 1803
1951638388 1804
1951638471 1805
1951638593 1806
1951638640 1807
1951638641 1808
1951638643 1809
1951642477 1810
1951642748 1811
1951642867 1812
1951642905 1813
1951643003 1814
1951643042 1815
1951651646 1816
1951672911 1817
1951945281 1818
1951949599 1819
1951966333 1820
1951970886 1821
1951971057 1822
1951979608 1823
1951983551 1824
1951983985 1825
1951987988 1826
1951988087 1827
1951988130 1828
1951988248 1829
1952009816 1830
1952281573 1831
1952281720 1832
1952286065 1833
1952286144 1834
1952286302 1835
1952294779 1836
1952294807 1837
1952294823 1838
1952299058 1839
1952302906 1840
1952303387 1841
1952303624 1842
1952311688 1843
1952320441 1844
1952329191 1845
1952329239 1846
1952333815 1847
1952622416 1848
1952622748 1849
1952622768 1850
1952626886 1851
1952631005 1852
1952631424 1853
1952635585 1854
1952644202 1855
1952648447 1856
1952648472 1857
1952648630 1858
1952652896 1859
1952674925 1860
1952963898 1861
1952985248 1862
1953020443 1863
1953326375 1864
1953326535 1865
1953326621 1866
1953330644 1867
1953671528 1868
1953671540 1869
1953671646 1870
1974846717 1871
1975187554 1872
1975187675 1873
1975878958 1874
1976232101 1875
1976547491 1876
1976565858 1877
1977208602 1878
1977238924 1879
1977545462 1880
1977545573 1881
1977553534 1882
1977579449 1883
1977596902 1884
1977597054 1885
1977600880 1886
1977881942 1887
1977890767 1888
1977898840 1889
1977898894 1890
1977912010 1891
1977916288 1892
1977933882 1893
1978209738 1894
1978227513 1895
1978227627 1896
1978261876 1897
1978274921 1898
1978615455 1899
1978615737 1900
1978619747 1901
1978891347 1902
1978900029 1903
1978908720 1904
1979206640 1905
1979228653 1906
1979246249 1907
1979263232 1908
1979297272 1909
1979306126 1910
1979547954 1911
1979616615 1912
1979621552 1913
1979630197 1914
1979634420 1915
1979643001 1916
1979647140 1917
1979647512 1918
1979647533 1919
1979888904 1920
1979888922 1921
1979888937 1922
1979967428 1923
1979970829 1924
1979975312 1925
1979984142 1926
1979984195 1927
1979984203 1928
1979988534 1929
1979988708 1930
1980229841 1931
1980234505 1932
1980234579 1933
1980234607 1934
1980303759 1935
1980303903 1936
1980307636 1937
1980308137 1938
1980312450 1939
1980325211 1940
1980325289 1941
1980329375 1942
1980329576 1943
1980329632 1944
1980329783 1945
1980575147 1946
1980579904 1947
1980640296 1948
1980644252 1949
1980644654 1950
1980653016 1951
1980657277 1952
1980657565 1953
1980661413 1954
1980666391 1955
1980666410 1956
1980666468 1957
1980670418 1958
1980916395 1959
1980920762 1960
1980920883 1961
1980981049 1962
1980981285 1963
1980994340 1964
1980998276 1965
1980998346 1966
1981274461 1967
1981335285 1968
1981339518 1969
1981343850 1970
1981348270 1971
1981352722 1972
1981650415 1973
1981667601 1974
1981668075 1975
1981671971 1976
1981672040 1977
1981680090 1978
1981680143 1979
1981684610 1980
1981689333 1981
1981693564 1982
1981991229 1983
1981991471 1984
1981991527 1985
1981995502 1986
1982302458 1987
1982306692 1988
1982319465 1989
1982328174 1990
1982328197 1991
1982332176 1992
1982332213 1993
1982332225 1994
1982332306 1995
1982336521 1996
1982341093 1997
1982358330 1998
1982358534 1999
1982643277 2000
1982669243 2001
1982673199 2002
1982673275 2003
1982677707 2004
1982695068 2005
1982703607 2006
1982716575 2007
1982717040 2008
1983001252 2009
1983032138 2010
1983036540 2011
1983036578 2012
1983040188 2013
1983040829 2014
1983044592 2015
1983044890 2016
1983364112 2017
1983373105 2018
1983373284 2019
1983377791 2020
1983381548 2021
1983381579 2022
1983381746 2023
1983381965 2024
1983657566 2025
1983661767 2026
1983661860 2027
1983696486 2028
1983705493 2029
1983705544 2030
1983709791 2031
1983714374 2032
1983718311 2033
1983718771 2034
1983727221 2035
1983998527 2036
1984007381 2037
1984007485 2038
1984011455 2039
1984020409 2040
1984024347 2041
1984024682 2042
1984050417 2043
1984361232 2044
1984361258 2045
2007245491 2046
2007604041 2047
2007604080 2048
2007604084 2049
2008239574 2050
2008627426 2051
2008631215 2052
2008631840 2053
2008632172 2054
2008632294 2055
2008632383 2056
2008920639 2057
2008921702 2058
2008926220 2059
2008963970 2060
2008972867 2061
2009235834 2062
2009235843 2063
2009235865 2064
2009235983 2065
2009236011 2066
2009236068 2067
2009240747 2068
2009240803 2069
2009240823 2070
2009240859 2071
2009270384 2072
2009274786 2073
2009274855 2074
2009309542 2075
2009309602 2076
2009576932 2077
2009611617 2078
2009611976 2079
2009612004 2080
2009654334 2081
2009654721 2082
2009655004 2083
2009939939 2084
2009953077 2085
2009983363 2086
2009987314 2087
2009999688 2088
2010246349 2089
2010246433 2090
2010288907 2091
2010332241 2092
2010582646 2093
2010587163 2094
2010595874 2095
2010669038 2096
2010669407 2097
2010677625 2098
2010928213 2099
2010928226 2100
2010928256 2101
2010936968 2102
2010937101 2103
2010988300 2104
2010992546 2105
2011006441 2106
2011023253 2107
2011023423 2108
2011023513 2109
2011023562 2110
2011264911 2111
2011269409 2112
2011286609 2113
2011308218 2114
2011321322 2115
2011359759 2116
2011364325 2117
2011364502 2118
2011364607 2119
2011364702 2120
2011644626 2121
2011692507 2122
2011701376 2123
2011701398 2124
2011705357 2125
2011705413 2126
2011705565 2127
2011705620 2128
2011705635 2129
2011705714 2130
2011968505 2131
2012046487 2132
2012046710 2133
2012370331 2134
2012378687 2135
2012387022 2136
2012469791 2137
2012680964 2138
2012698272 2139
2012710720 2140
2012711111 2141
2012723795 2142
2012728229 2143
2012728682 2144
2012987196 2145
2013021846 2146
2013022074 2147
2013052474 2148
2013328302 2149
2013328463 2150
2013328496 2151
2013328601 2152
2013332880 2153
2013333009 2154
2013350135 2155
2013363026 2156
2013366977 2157
2013367298 2158
2013371455 2159
2013388689 2160
2013674001 2161
2013686804 2162
2013691011 2163
2013708057 2164
2013708147 2165
2013716991 2166
2013721423 2167
2013734017 2168
2013734421 2169
2013734557 2170
2013751519 2171
2013751718 2172
2013751786 2173
2013751841 2174
2013751862 2175
2013751890 2176
2013751896 2177
2013751940 2178
2013755484 2179
2014014677 2180
2014023478 2181
2014053454 2182
2014057948 2183
2014057997 2184
2014071268 2185
2014084210 2186
2014084415 2187
2014360299 2188
2014377317 2189
2014382294 2190
2014390552 2191
2014394467 2192
2014394639 2193
2014394780 2194
2014398949 2195
2014696673 2196
2014735506 2197
2014740220 2198
2014749251 2199
2014757967 2200
2015090271 2201
2015396491 2202
2015400778 2203
2015404634 2204
2015404662 2205
2038284916 2206
2038617453 2207
2038617515 2208
2038638823 2209
2038638855 2210
2038980593 2211
2038980773 2212
2039273648 2213
2039300088 2214
2039317259 2215
2039317327 2216
2039321408 2217
2039321461 2218
2039623367 2219
2039662264 2220
2039662566 2221
2039662922 2222
2039666921 2223
2039964305 2224
2040008036 2225
2040266092 2226
2040270490 2227
2040270763 2228
2040288449 2229
2040301572 2230
2040340600 2231
2040344064 2232
2040348410 2233
2040348807 2234
2040348896 2235
2040603039 2236
2040603130 2237
2040677122 2238
2040681011 2239
2040681328 2240
2040685505 2241
2040689399 2242
2040689820 2243
2040939849 2244
2040939889 2245
2040944240 2246
2040944536 2247
2041026442 2248
2041035008 2249
2041035230 2250
2041281083 2251
2041285477 2252
2041285497 2253
2041363602 2254
2041367679 2255
2041621893 2256
2041652425 2257
2041682783 2258
2041700052 2259
2041962740 2260
2041963078 2261
2041967509 2262
2041993364 2263
2042027880 2264
2042049492 2265
2042057871 2266
2042058505 2267
2042390750 2268
2042395169 2269
2042399033 2270
2042399678 2271
2042399821 2272
2042403029 2273
2042644919 2274
2042731911 2275
2042736270 2276
2042740780 2277
2043029205 2278
2043042499 2279
2043081104 2280
2043339995 2281
2043418105 2282
2043421943 2283
2043685946 2284
2043685987 2285
2043706937 2286
2043741893 2287
2043762933 2288
2044026514 2289
2044026843 2290
2044026917 2291
2044030893 2292
2044047987 2293
2044056694 2294
2044061100 2295
2044082826 2296
2044104632 2297
2044363294 2298
2044367480 2299
2044371693 2300
2044441348 2301
2044445446 2302
2044445500 2303
2044445583 2304
2044445714 2305
2044445769 2306
2044445822 2307
2044699904 2308
2044704083 2309
2044704085 2310
2044704184 2311
2044704260 2312
2044734745 2313
2044738765 2314
2044769231 2315
2044786163 2316
2044786251 2317
2044786350 2318
2044786356 2319
2044786423 2320
2044786654 2321
2044786718 2322
2044786781 2323
2044786835 2324
2045071470 2325
2045097330 2326
2045105779 2327
2045127426 2328
2045403671 2329
2045412208 2330
2045416817 2331
2045421319 2332
2045438040 2333
2045459990 2334
2045788157 2335
2046094371 2336
2046128726 2337
2046439442 2338
2064165421 2339
2065197353 2340
2069311379 2341
2069320236 2342
2069320377 2343
2069328805 2344
2069644133 2345
2069648663 2346
2069652905 2347
2069661292 2348
2069993227 2349
2069993377 2350
2070014719 2351
2070351714 2352
2070351726 2353
2070351862 2354
2070356018 2355
2070688701 2356
2070688742 2357
2070692530 2358
2070693048 2359
2070701198 2360
2071016282 2361
2071021014 2362
2071029651 2363
2071030052 2364
2071033930 2365
2071034348 2366
2071335861 2367
2071353111 2368
2071375242 2369
2071388678 2370
2071677193 2371
2071711245 2372
2071715595 2373
2071720189 2374
2071974816 2375
2071974975 2376
2072052351 2377
2072056776 2378
2072065411 2379
2072070166 2380
2072397710 2381
2072398225 2382
2072402208 2383
2072407094 2384
2072410774 2385
2072411270 2386
2072657167 2387
2072661366 2388
2072695713 2389
2073036888 2390
2073041154 2391
2073049935 2392
2073062806 2393
2073067325 2394
2073071226 2395
2073075444 2396
2073075453 2397
2073075693 2398
2073075698 2399
2073343163 2400
2073386494 2401
2073386503 2402
2073386507 2403
2073386629 2404
2073390652 2405
2073390873 2406
2073394934 2407
2073408400 2408
2073408606 2409
2073416928 2410
2073416969 2411
2073425641 2412
2073425846 2413
2073429661 2414
2073430091 2415
2073693206 2416
2073723397 2417
2073723619 2418
2073753413 2419
2073762143 2420
2073775256 2421
2073775281 2422
2073775513 2423
2074033750 2424
2074064506 2425
2074077282 2426
2074098768 2427
2074107451 2428
2074116622 2429
2074413812 2430
2074435977 2431
2074440282 2432
2074453210 2433
2074707323 2434
2074720301 2435
2074724481 2436
2074776575 2437
2074785707 2438
2074789660 2439
2075065746 2440
2075074743 2441
2075130919 2442
2075131125 2443
2075134971 2444
2075139016 2445
2075139500 2446
2075139532 2447
2075398005 2448
2075398249 2449
2075402508 2450
2075415818 2451
2075424272 2452
2075471996 2453
2075475985 2454
2075480364 2455
2075752213 2456
2075760747 2457
2075782453 2458
2075782549 2459
2075812985 2460
2075817127 2461
2076080045 2462
2076088889 2463
2076106014 2464
2076110549 2465
2076110567 2466
2076158214 2467
2076158292 2468
2076162300 2469
2076166334 2470
2076425439 2471
2076442958 2472
2076451602 2473
2076464674 2474
2076494885 2475
2076792416 2476
2076814472 2477
2076814503 2478
2077133435 2479
2100010400 2480
2100013933 2481
2100337636 2482
2100359526 2483
2100670439 2484
2101015643 2485
2101041723 2486
2101339904 2487
2101348562 2488
2101352145 2489
2101370068 2490
2101387048 2491
2101390910 2492
2101685376 2493
2101715163 2494
2101719157 2495
2101723222 2496
2101723693 2497
2101728116 2498
2101728258 2499
2102055998 2500
2102056392 2501
2102056443 2502
2102060431 2503
2102060515 2504
2102065009 2505
2102068842 2506
2102069089 2507
2102077568 2508
2102366650 2509
2102392518 2510
2102396956 2511
2102405375 2512
2102405975 2513
2102410195 2514
2102418103 2515
2102668522 2516
2102741940 2517
2102742091 2518
2102751384 2519
2103053022 2520
2103079192 2521
2103083554 2522
2103100204 2523
2103104764 2524
2103104826 2525
2103364200 2526
2103411248 2527
2103423940 2528
2103428527 2529
2103433157 2530
2103441206 2531
2103445501 2532
2103445598 2533
2103446612 2534
2103757060 2535
2103757064 2536
2103765567 2537
2104097978 2538
2104102388 2539
2104395869 2540
2104429901 2541
2104452085 2542
2104469669 2543
2104758191 2544
2104788476 2545
2104806086 2546
2104810600 2547
2105086391 2548
2105151735 2549
2105414452 2550
2105448977 2551
2105448995 2552
2105449001 2553
2105449028 2554
2105453118 2555
2105453119 2556
2105453184 2557
2105453255 2558
2105457595 2559
2105465891 2560
2105470817 2561
2105483643 2562
2105488165 2563
2105488219 2564
2105492020 2565
2105492638 2566
2105781244 2567
2105789828 2568
2105789935 2569
2105790068 2570
2105794119 2571
2105794279 2572
2105798782 2573
2105798812 2574
2105815954 2575
2105824677 2576
2105833634 2577
2105833811 2578
2105833890 2579
2106135212 2580
2106135249 2581
2106161668 2582
2106166015 2583
2106170112 2584
2106174640 2585
2106174694 2586
2106445927 2587
2106458850 2588
2106467925 2589
2106472221 2590
2106480596 2591
2106497975 2592
2106502228 2593
2106502781 2594
2106507156 2595
2106514945 2596
2106515875 2597
2106778450 2598
2106778488 2599
2106817517 2600
2106822016 2601
2106826388 2602
2106838708 2603
2106843411 2604
2106843651 2605
2106847803 2606
2106847811 2607
2106852036 2608
2106856479 2609
2107162809 2610
2107163015 2611
2107167189 2612
2107176122 2613
2107176159 2614
2107176185 2615
2107184313 2616
2107184765 2617
2107188772 2618
2107188865 2619
2107188970 2620
2107193033 2621
2107193113 2622
2107193114 2623
2107197097 2624
2107197210 2625
2107197666 2626
2107197699 2627
2107197758 2628
2107482285 2629
2107499597 2630
2107507837 2631
2107507890 2632
2107508333 2633
2107508409 2634
2107521422 2635
2107525263 2636
2107529953 2637
2107823347 2638
2107857888 2639
2107866390 2640
2131372466 2641
2131372546 2642
2131372734 2643
2131372750 2644
2131377138 2645
2131696932 2646
2131705304 2647
2131709474 2648
2131713897 2649
2132037566 2650
2132374646 2651
2132375072 2652
2132421402 2653
2132711551 2654
2132723935 2655
2133056243 2656
2133060479 2657
2133060860 2658
2133081999 2659
2133099441 2660
2133103556 2661
2133103826 2662
2133112359 2663
2133406048 2664
2133435987 2665
2133440149 2666
2134100948 2667
2134113833 2668
2134122545 2669
2134122651 2670
2134122682 2671
2134122792 2672
2134122853 2673
2134122882 2674
2134123047 2675
2134126973 2676
2134126987 2677
2134127287 2678
2134127354 2679
2134127370 2680
2134130824 2681
2134131536 2682
2134381617 2683
2134389840 2684
2134450605 2685
2134472645 2686
2134476458 2687
2134476973 2688
2134477056 2689
2134739740 2690
2134744253 2691
2134761494 2692
2134791559 2693
2134795513 2694
2134817763 2695
2134817835 2696
2134821858 2697
2134822126 2698
2134822333 2699
2135145228 2700
2135163363 2701
2135408892 2702
2135482607 2703
2135495190 2704
2135499876 2705
2135499904 2706
2135758447 2707
2135762614 2708
2135793271 2709
2135832338 2710
2135840897 2711
2135844546 2712
2135845040 2713
2136090632 2714
2136121072 2715
2136146972 2716
2136151495 2717
2136177644 2718
2136185907 2719
2136449151 2720
2136518416 2721
2136522616 2722
2136522952 2723
2136527298 2724
2136798792 2725
2136828921 2726
2136850995 2727
2136863859 2728
2136872016 2729
2137161409 2730
2137161652 2731
2137165879 2732
2137165899 2733
2137170131 2734
2137183459 2735
2137183731 2736
2137192016 2737
2137200204 2738
2137200466 2739
2137200772 2740
2137204684 2741
2137204817 2742
2137209090 2743
2137209326 2744
2137209336 2745
2137476556 2746
2137506724 2747
2137507224 2748
2137511265 2749
2137541508 2750
2137541525 2751
2137541564 2752
2137545862 2753
2137813141 2754
2137839380 2755
2137856225 2756
2137856415 2757
2137861071 2758
2137878394 2759
2137882256 2760
2137886648 2761
2137886901 2762
2137886964 2763
2137891363 2764
2138189090 2765
2138197298 2766
2138197442 2767
2138219317 2768
2138219330 2769
2138219571 2770
2138223685 2771
2138227714 2772
2138227908 2773
2138232459 2774
2138232554 2775
2138512548 2776
2138538825 2777
2138547055 2778
2138547781 2779
2138552028 2780
2138560828 2781
2138564577 2782
2138564725 2783
2138569144 2784
2138569195 2785
2138888474 2786
2138896652 2787
2138897318 2788
2162402915 2789
2162739943 2790
2162774776 2791
2163102697 2792
2163111508 2793
2163793289 2794
2163793358 2795
2164130952 2796
2164134181 2797
2164143348 2798
2164151407 2799
2164458054 2800
2164475733 2801
2164475888 2802
2164479928 2803
2164743014 2804
2164816415 2805
2164820664 2806
2164829531 2807
2164829632 2808
2165152725 2809
2165157407 2810
2165157838 2811
2165161890 2812
2165161934 2813
2165161941 2814
2165161957 2815
2165161986 2816
2165165812 2817
2165166131 2818
2165170308 2819
2165170442 2820
2165170658 2821
2165170687 2822
2165170760 2823
2165175137 2824
2165476972 2825
2165489996 2826
2165502570 2827
2165506692 2828
2165511695 2829
2165805063 2830
2165830557 2831
2165830935 2832
2165843950 2833
2165844209 2834
2165852860 2835
2165857212 2836
2166098256 2837
2166106878 2838
2166167452 2839
2166197821 2840
2166499503 2841
2166508291 2842
2166530133 2843
2166534557 2844
2166534802 2845
2166534988 2846
2166539217 2847
2166539331 2848
2166871203 2849
2166871719 2850
2166875627 2851
2167203581 2852
2167212487 2853
2167220936 2854
2167221374 2855
2167531722 2856
2167553250 2857
2167824961 2858
2167872873 2859
2167885918 2860
2167885988 2861
2167894146 2862
2167898411 2863
2167898825 2864
2167898830 2865
2167902596 2866
2167903315 2867
2167903341 2868
2168166278 2869
2168196489 2870
2168209346 2871
2168218628 2872
2168235227 2873
2168239447 2874
2168239739 2875
2168524681 2876
2168533487 2877
2168571819 2878
2168572270 2879
2168576352 2880
2168576610 2881
2168584910 2882
2168588990 2883
2168869893 2884
2168908719 2885
2168913266 2886
2169219786 2887
2169224232 2888
2169228031 2889
2169254031 2890
2169262864 2891
2169263012 2892
2169267537 2893
2169569454 2894
2169573511 2895
2169573598 2896
2169578035 2897
2169582471 2898
2169586593 2899
2169591162 2900
2169595273 2901
2169599839 2902
2169918880 2903
2169923013 2904
2169923132 2905
2169936327 2906
2193456328 2907
2193460501 2908
2194129069 2909
2194137598 2910
2194474349 2911
2194478820 2912
2195506223 2913
2195519066 2914
2195829351 2915
2195846519 2916
2195846643 2917
2196114521 2918
2196140156 2919
2196174915 2920
2196191950 2921
2196192146 2922
2196205312 2923
2196209957 2924
2196209964 2925
2196210183 2926
2196498455 2927
2196516023 2928
2196533087 2929
2196541905 2930
2196546784 2931
2196551243 2932
2196551437 2933
2196861690 2934
2196874754 2935
2196883028 2936
2196883380 2937
2197158842 2938
2197163510 2939
2197220063 2940
2197220186 2941
2197224127 2942
2197224226 2943
2197228908 2944
2197232309 2945
2197500470 2946
2197561253 2947
2197876080 2948
2197884614 2949
2197901795 2950
2197910662 2951
2197914640 2952
2198243007 2953
2198246986 2954
2198247014 2955
2198247450 2956
2198247471 2957
2198256133 2958
2198532315 2959
2198579859 2960
2198584024 2961
2198584363 2962
2198592825 2963
2198592879 2964
2198890087 2965
2198925014 2966
2198928886 2967
2198929158 2968
2198938058 2969
2198938113 2970
2199218544 2971
2199244414 2972
2199248827 2973
2199257286 2974
2199257831 2975
2199261919 2976
2199274264 2977
2199278988 2978
2199279154 2979
2199559677 2980
2199611432 2981
2199615494 2982
2199615809 2983
2199939702 2984
2199956597 2985
2199956689 2986
2199956828 2987
2199961165 2988
2199961246 2989
2199961255 2990
2200228723 2991
2200228767 2992
2200228798 2993
2200288919 2994
2200301686 2995
2200569724 2996
2200608212 2997
2200626077 2998
2200958472 2999
2223804634 3000
2224144985 3001
2224486414 3002
2225850346 3003
2226199807 3004
2226903221 3005
2227205274 3006
2227223249 3007
2227227085 3008
2227227187 3009
2227227627 3010
2227231240 3011
2227231570 3012
2227235482 3013
2227244612 3014
2227577022 3015
2227581000 3016
2227585815 3017
2227874405 3018
2227905434 3019
2227905480 3020
2227913336 3021
2228242016 3022
2228246655 3023
2228250216 3024
2228250233 3025
2228250411 3026
2228250473 3027
2228250557 3028
2228262901 3029
2228268375 3030
2228569805 3031
2228569835 3032
2228573847 3033
2228574181 3034
2228578702 3035
2228600233 3036
2228604837 3037
2228609001 3038
2228609139 3039
2228609140 3040
2228609200 3041
2228906477 3042
2228906708 3043
2228906716 3044
2228910793 3045
2228910820 3046
2228910920 3047
2228910941 3048
2228914940 3049
2228915178 3050
2228915232 3051
2228915244 3052
2228915274 3053
2228923575 3054
2228924329 3055
2228932736 3056
2228936935 3057
2228937182 3058
2228950512 3059
2229281970 3060
2229282012 3061
2229282015 3062
2229286278 3063
2229579730 3064
2229627436 3065
2229631488 3066
2229929673 3067
2229934173 3068
2229942604 3069
2229947231 3070
2229956069 3071
2229973318 3072
2230305017 3073
2230305343 3074
2230642295 3075
2230646124 3076
2230646168 3077
2230650476 3078
2230926964 3079
2230931053 3080
2230931077 3081
2230931155 3082
2230983145 3083
2230996234 3084
2231284881 3085
2231289277 3086
2231289333 3087
2231289424 3088
2231289459 3089
2231289545 3090
2231289597 3091
2231293819 3092
2231293853 3093
2231298121 3094
2231298154 3095
2231298170 3096
2231302306 3097
2231315330 3098
2231656529 3099
2255516778 3100
2255525707 3101
2256509698 3102
2256863785 3103
2258258064 3104
2258261977 3105
2258559559 3106
2258572913 3107
2258620617 3108
2258930998 3109
2258931080 3110
2258931499 3111
2258936197 3112
2258961231 3113
2259268627 3114
2259281518 3115
2259293804 3116
2259298672 3117
2259608595 3118
2259613201 3119
2259618324 3120
2259621572 3121
2259622347 3122
2259630810 3123
2259639403 3124
2259639442 3125
2259941071 3126
2259962903 3127
2259967555 3128
2259967952 3129
2260299362 3130
2260938437 3131
2260981689 3132
2260982097 3133
2261279587 3134
2261344244 3135
2261348558 3136
2261637853 3137
2261650724 3138
2261663955 3139
2261668283 3140
2261685135 3141
2261965878 3142
2261970553 3143
2261987736 3144
2261992182 3145
2262005232 3146
2262009571 3147
2262324036 3148
2262324061 3149
2262328440 3150
2262328549 3151
2262332862 3152
2262362985 3153
2286198061 3154
2286201768 3155
2286555464 3156
2287919487 3157
2288230379 3158
2288930190 3159
2288960169 3160
2289223313 3161
2289612244 3162
2289630057 3163
2289646946 3164
2289647034 3165
2289651223 3166
2289655455 3167
2289966237 3168
2289970525 3169
2289974519 3170
2289987902 3171
2289992074 3172
2289996476 3173
2289996523 3174
2290294508 3175
2290303228 3176
2290307156 3177
2290311967 3178
2290320612 3179
2290653097 3180
2290661414 3181
2291002542 3182
2291006502 3183
2291321410 3184
2291658351 3185
2291999690 3186
2292017107 3187
2292327595 3188
2292672665 3189
2292690254 3190
2292698707 3191
2319960509 3192
2320301873 3193
2320323397 3194
2320642400 3195
2320651439 3196
2320655662 3197
2320983805 3198
2321001244 3199
2321337738 3200
2321341987 3201
2321687228 3202
2349648679 3203
2350667315 3204
2351008679 3205
2381019968 3206
2382725117 3207
2383731281 3208
2410686663 3209
2413402411 3210
329599710 3211
417199910 3212
509626405 3213
542634818 3214
544021095 3215
573333835 3216
574027813 3217
574032862 3218
574037266 3219
574037281 3220
574374051 3221
5812979059 3222
5812983069 3223
5812990165 3224
5812992944 3225
5812993853 3226
5812993881 3227
5812994702 3228
5812994785 3229
5812995195 3230
5812995235 3231
5812995240 3232
5812995261 3233
5812995265 3234
5812995278 3235
5812995297 3236
5812995298 3237
5812995304 3238
5812995347 3239
5812995356 3240
5812995402 3241
5812995413 3242
5812995437 3243
5812995946 3244
5812995952 3245
5812996052 3246
5812996056 3247
5812996057 3248
5812996058 3249
5812996079 3250
5812996083 3251
5812996090 3252
5812996091 3253
5812996092 3254
5812996109 3255
5812996748 3256
5812996749 3257
5812996809 3258
5812996810 3259
5812996829 3260
5812996886 3261
5812996926 3262
5812996943 3263
5812997518 3264
5812997703 3265
5812997711 3266
5812997715 3267
5812997727 3268
5812998311 3269
5812998432 3270
5812998436 3271
5812998437 3272
5812998438 3273
5812998440 3274
5812998445 3275
5812998446 3276
5812998466 3277
5812998469 3278
5812998538 3279
5812999097 3280
5812999215 3281
5812999623 3282
5812999627 3283
5812999642 3284
5812999644 3285
5812999657 3286
5812999669 3287
5812999707 3288
5812999773 3289
5813000234 3290
5813000235 3291
5813000237 3292
5813000247 3293
5813000250 3294
5813000276 3295
5813000296 3296
5813000306 3297
5813000317 3298
5813000717 3299
5813000800 3300
5813000835 3301
5813000836 3302
5813000842 3303
5813001367 3304
5813001792 3305
5813002248 3306
5813002250 3307
5813002267 3308
5813002294 3309
5813002313 3310
5813002774 3311
5813002857 3312
5813002862 3313
5813003258 3314
5813003310 3315
5813003327 3316
5813003341 3317
5813003342 3318
5813003348 3319
5813003357 3320
5813003358 3321
5813003362 3322
5813003369 3323
5813003374 3324
5813003379 3325
5813003380 3326
5813003775 3327
5813003791 3328
5813003805 3329
5813004152 3330
5813004153 3331
5813004185 3332
5813004197 3333
5813004203 3334
5813004626 3335
5813004665 3336
5813004702 3337
5813005064 3338
5813005081 3339
5813005497 3340
5813005499 3341
5813005518 3342
5813005525 3343
5813005526 3344
5813005545 3345
5813005552 3346
5813005556 3347
5813005580 3348
5813015576 3349
5813017402 3350
5813017404 3351
5813017405 3352
5813017409 3353
5813017410 3354
5813018460 3355
5813018704 3356
5813018705 3357
5813018706 3358
5813018708 3359
5813018714 3360
5813018729 3361
5813018827 3362
5813018842 3363
5813018847 3364
5813018849 3365
5813019049 3366
5813019196 3367
5813020396 3368
5813024339 3369
5813024340 3370
5813024601 3371
5813024602 3372
5813024603 3373
5813024605 3374
5813024616 3375
5813024618 3376
5813024619 3377
5813024620 3378
5813024621 3379
5813024623 3380
5813024692 3381
5813024698 3382
5813024701 3383
5813024710 3384
5813024712 3385
5813024799 3386
5813024981 3387
5813024983 3388
5813025198 3389
5813025714 3390
5813027758 3391
5813032595 3392
5813034117 3393
5813034197 3394
5813034251 3395
5813034301 3396
5813034306 3397
5813034363 3398
5813034364 3399
5813034367 3400
5813034368 3401
5813034409 3402
5813034455 3403
5813034463 3404
5813034465 3405
5813034493 3406
5813034531 3407
5813034571 3408
5813034689 3409
5813034749 3410
5813034811 3411
5813038793 3412
5813038889 3413
5813039011 3414
5813039012 3415
5813039013 3416
5813039095 3417
5813039159 3418
5813039235 3419
5813039309 3420
5813039315 3421
5813039420 3422
5813039425 3423
5813039465 3424
5813039471 3425
5813040502 3426
5813040515 3427
5813040847 3428
5813041075 3429
5813041247 3430
5813042603 3431
5813046199 3432
5813046209 3433
5813046210 3434
5813046468 3435
5813046526 3436
5813046796 3437
5813047527 3438
5813047691 3439
5813049745 3440
5813049934 3441
5813050276 3442
5813050455 3443
5813050676 3444
5813050727 3445
5813050729 3446
5813054622 3447
5813054697 3448
5813054708 3449
5813054710 3450
5813054716 3451
5813054725 3452
5813054726 3453
5813054760 3454
5813054773 3455
5813054777 3456
5813054911 3457
5813054967 3458
5813055025 3459
5813055048 3460
5813055147 3461
5813055162 3462
5813055180 3463
5813055184 3464
5813055277 3465
5813055386 3466
5813056072 3467
5813056596 3468
5813056598 3469
5813056642 3470
5813056704 3471
5813056797 3472
5813057474 3473
5813060170 3474
5813060361 3475
5813061255 3476
5813061328 3477
5813061474 3478
5813062184 3479
5813062199 3480
5813063239 3481
5813066988 3482
5813068224 3483
5813068337 3484
5813068369 3485
5813069055 3486
5813069085 3487
5813069089 3488
5813069348 3489
5813069532 3490
5813069942 3491
5813070872 3492
5813070873 3493
5813075196 3494
5813076969 3495
5813077757 3496
5813077774 3497
5813077779 3498
5813077788 3499
5813077826 3500
5813077853 3501
5813078133 3502
5813078440 3503
5813078599 3504
5813079228 3505
5813082964 3506
5813083386 3507
5813083541 3508
5813085919 3509
5813086006 3510
5813086007 3511
5813087898 3512
5813089348 3513
5813090624 3514
5813097084 3515
5813125248 3516
5813129668 3517
5813130064 3518
5813132687 3519
5813132919 3520
5813132949 3521
5813134848 3522
5901193506 3523
5901194801 3524
5901194945 3525
5901194947 3526
5901194966 3527
5901195764 3528
5901196806 3529
5901197739 3530
5901197989 3531
5901198734 3532
5901198820 3533
5901199543 3534
5901199598 3535
5901199825 3536
5901200000 3537
5901201372 3538
5901202025 3539
5901202409 3540
5901202811 3541
5901202939 3542
5901203730 3543
5901203878 3544
5901204334 3545
5901204564 3546
5901204684 3547
5901204861 3548
5901204943 3549
5901206005 3550
5901206094 3551
5901206553 3552
5901206814 3553
5901209981 3554
5901210175 3555
5901210481 3556
5901213161 3557
5901215044 3558
5901215173 3559
5901218894 3560
5901221329 3561
5901222731 3562
5901222910 3563
603785283 3564
606090268 3565
609924156 3566
610274046 3567
630714299 3568
635062078 3569
636789080 3570
638481581 3571
662776660 3572
666135689 3573
666818300 3574
693125078 3575
693479072 3576
693483018 3577
693927941 3578
694834412 3579
697844568 3580
698508565 3581
698569832 3582
699031185 3583
704699661 3584
7112615078 3585
7112615467 3586
7112615468 3587
7112626201 3588
7112626205 3589
7112626217 3590
722817260 3591
724816115 3592
727472481 3593
729219639 3594
730252777 3595
735091236 3596
754534424 3597
754538881 3598
754854077 3599
755518957 3600
759810119 3601
759922408 3602
760264077 3603
762982753 3604
763730414 3605
788306624 3606
788306724 3607
788648194 3608
792023887 3609
792024028 3610
792040520 3611
850375847 3612
850708902 3613
850717220 3614
851684181 3615
886812643 3616
914778159 3617
948834414 3618
950229431 3619
975457916 3620
977866721 3621
