1459 18764
135 289
24 58
243 1159
73 219
50 152
531 3118
89 830
164 686
335 2182
200 729
88 272
181 744
160 675
35 58
111 239
159 562
217 1349
67 172
385 3028
60 141
195 579
153 227
583 5541
235 709
160 678
65 102
65 153
551 2116
196 815
278 939
423 1122
281 832
209 563
179 1058
235 1029
231 605
182 544
228 1379
155 436
200 548
45 126
230 943
96 373
178 483
372 1308
70 123
148 377
159 1060
197 672
277 2653
46 101
154 575
79 182
308 1012
202 1530
536 3936
366 2577
251 1983
86 332
171 685
136 600
223 1093
227 558
96 197
53 116
193 1516
210 1176
369 2260
154 547
310 872
628 4038
329 1877
644 2378
787 11556
70 516
318 1349
305 1458
93 180
191 765
170 640
86 146
273 1383
411 1750
161 412
159 651
412 2572
147 554
235 822
238 1038
93 178
787 3259
84 161
472 5065
108 294
408 3909
279 1687
169 832
421 1382
194 672
162 592
124 344
251 593
769 10881
241 1049
385 2623
161 471
214 756
32 106
425 4468
353 2538
192 1325
160 1031
45 106
86 157
243 816
311 1037
240 2660
121 287
373 3175
530 1886
221 664
243 1104
88 203
565 3040
656 5468
434 1632
215 1109
350 1275
499 1713
227 1079
268 908
934 3616
253 1701
132 409
255 649
269 745
311 3335
205 697
264 719
228 664
87 213
346 2747
386 1795
138 314
454 1179
443 1269
267 1973
966 5468
148 381
316 1016
289 889
136 283
154 437
264 1220
241 810
305 1823
247 842
377 762
339 852
263 1337
135 303
303 662
105 531
55 219
276 1289
214 924
92 374
161 705
325 1517
243 2120
188 795
141 346
314 830
83 193
182 1063
112 302
238 1081
178 602
132 312
393 1632
253 649
236 1018
401 2252
211 484
632 3923
207 453
553 2907
92 210
68 128
117 257
643 2671
371 2009
272 644
424 1890
71 104
354 1179
127 390
327 759
153 611
718 3930
331 3234
248 742
387 1451
228 2343
266 1221
254 1182
488 1457
67 160
220 586
136 246
220 1071
94 191
196 578
273 770
280 630
228 1765
380 1759
189 659
320 1742
240 1220
87 136
137 521
144 538
316 1572
104 267
219 1223
155 530
100 390
217 857
242 984
205 553
345 1408
559 3023
420 2112
339 1629
200 799
70 119
188 522
468 2232
497 3607
252 2051
486 2908
526 3946
442 2472
280 1255
438 1975
212 1099
216 805
353 1287
217 468
305 1081
470 1641
319 1057
224 641
248 1644
116 202
295 655
217 658
170 344
202 1349
165 476
177 1102
80 233
226 1326
158 442
364 1524
230 836
342 1547
550 2743
56 99
199 1184
76 135
428 2507
405 1930
260 1464
138 225
574 3596
218 753
669 9459
60 1587
35 48
433 1674
1462 29757
174 393
474 3333
247 1149
225 825
168 437
344 2087
132 354
154 660
98 216
457 2388
809 7350
308 1390
380 1800
142 297
161 428
309 974
236 766
405 1527
312 2663
284 1053
96 393
504 3565
151 605
209 924
192 616
153 367
216 564
217 546
179 844
129 1061
318 2348
149 406
106 144
169 540
185 340
543 2858
235 1280
212 511
169 599
157 621
190 595
270 3162
321 833
166 576
440 2192
331 2637
41 64
142 557
858 4475
169 854
153 327
156 838
208 1350
228 774
260 474
324 664
515 2465
241 1862
744 2772
485 2550
280 769
162 567
53 91
290 2058
451 2679
149 332
188 729
138 498
184 636
371 2197
203 1511
184 625
324 837
115 366
299 2282
368 2548
174 361
159 590
226 631
152 289
269 764
98 621
53 200
275 1733
181 598
150 421
297 1015
134 209
132 229
161 632
89 1700
204 910
484 2982
884 3990
213 1320
228 861
339 1170
428 2232
169 643
600 3724
473 2688
285 970
313 952
637 2931
148 373
149 459
302 972
324 915
118 330
541 3901
625 4328
293 1016
191 478
264 1120
280 698
403 1188
93 1060
442 7248
379 1687
265 1250
253 882
238 796
442 2578
663 4025
236 506
306 700
502 3710
145 536
492 3075
171 663
229 1227
143 849
154 604
161 543
137 333
340 937
136 404
375 2613
177 989
306 781
299 2084
323 1720
308 2129
133 1499
318 1229
121 439
137 348
325 1110
383 2137
348 1874
258 911
149 400
342 2239
277 2322
241 1706
124 216
451 1849
184 538
190 1160
102 211
346 637
398 1988
232 1014
295 966
159 415
73 220
277 706
328 893
422 3782
339 983
334 1407
234 1135
344 1290
574 5270
183 527
559 2836
242 1899
691 5756
792 9938
667 4006
417 2248
333 1174
258 777
106 230
144 344
331 744
337 650
181 1545
390 1249
161 320
583 3398
225 1239
167 671
198 1175
148 395
248 576
291 1552
117 228
159 708
199 656
280 896
243 1113
460 1857
205 1032
720 3566
121 354
261 871
314 1573
304 2598
527 2296
146 637
312 847
162 314
141 569
224 742
213 1081
428 1197
98 383
139 245
402 1279
304 1334
538 3337
185 521
512 3093
246 576
160 378
314 832
594 4355
838 5128
171 1246
188 315
354 1412
234 547
247 704
171 735
303 967
170 729
915 3337
589 2658
727 6203
292 627
182 354
391 2081
297 1062
290 968
274 1231
231 654
125 369
513 2370
267 1032
222 1156
112 258
438 1860
465 2501
611 4123
238 602
233 796
97 206
295 1121
234 481
344 840
521 2705
153 575
153 629
55 194
207 1030
218 481
200 550
304 1337
90 173
503 2132
210 596
410 2588
407 1499
315 1307
951 4200
425 3829
135 348
237 1040
496 6731
182 2321
190 394
61 99
607 2175
280 1091
234 626
201 478
149 370
118 356
335 938
255 1813
402 2068
378 2077
629 5733
131 720
250 944
302 712
424 1408
482 1617
398 1369
475 3416
316 1686
67 114
444 2132
350 1534
369 1923
483 1938
503 3680
289 1000
156 326
357 1512
335 1436
175 1095
284 1800
163 758
383 1359
229 1810
256 1357
216 996
135 418
320 2556
141 368
535 4160
65 363
292 1678
404 2446
152 516
229 940
154 331
485 2227
97 232
299 894
341 1707
290 1678
938 3128
295 1586
475 1911
339 3564
244 538
342 1932
361 1362
341 1111
197 630
279 1004
323 1274
485 1930
213 501
209 1046
875 3561
204 531
547 4124
235 725
204 1238
399 1946
471 4525
384 1447
346 1186
157 488
4 6
432 4018
508 1910
186 846
399 1162
223 867
328 1837
352 1022
246 663
353 4101
360 2037
152 619
414 1437
381 2105
284 828
287 728
378 1472
265 711
356 1206
274 785
314 803
379 1500
264 711
262 799
482 1743
306 1263
159 463
142 272
448 1719
296 1127
413 1892
67 141
271 587
435 6947
110 209
257 6779
61 178
339 935
199 606
78 191
174 457
221 1864
63 167
135 579
159 280
182 379
182 609
711 2627
117 217
373 2688
294 1529
256 1172
161 579
302 1109
224 484
271 691
229 1230
184 834
121 269
463 2226
621 3018
218 726
179 595
201 1301
173 493
172 954
245 550
510 6111
370 2004
357 804
280 1359
206 684
193 852
140 332
226 954
124 344
256 915
231 476
322 2844
280 866
271 1012
245 536
198 610
469 4355
249 861
116 284
195 446
371 1966
425 4607
280 1455
473 1630
280 933
335 942
344 1284
313 1101
211 862
261 1138
86 142
243 764
374 1455
143 527
319 1153
317 1002
110 297
118 314
274 1383
146 544
196 766
152 2465
42 77
375 1305
274 1307
166 431
173 649
95 262
320 1937
432 2313
476 1546
484 3995
204 554
358 1084
326 2509
99 299
427 2477
166 516
232 1496
123 616
277 880
160 508
309 1055
114 377
239 1481
158 536
244 971
216 798
116 234
327 839
318 1453
540 1565
489 2269
173 484
140 405
358 1634
224 959
341 1407
259 651
287 1000
120 310
423 2157
497 3628
274 622
244 958
241 865
362 2478
476 2875
220 1050
272 652
558 12341
298 1213
310 1513
191 395
208 870
249 945
340 1474
467 4553
229 671
211 1189
288 1488
193 627
263 991
313 1035
327 1336
259 728
244 890
88 186
101 278
159 413
219 1081
46 83
174 540
401 1580
221 799
189 949
251 390
44 92
268 1497
349 1897
155 296
282 997
398 1383
199 573
144 473
78 226
401 3859
229 1937
95 294
238 780
328 1331
403 2115
637 4997
138 344
286 1005
219 615
138 346
398 1737
281 1179
315 1907
404 1885
99 270
94 381
306 1841
238 913
108 226
157 336
356 1071
379 1982
350 1866
360 4410
225 489
129 343
225 616
309 1897
388 1010
250 1307
186 322
153 496
266 765
105 217
202 466
156 549
108 369
140 389
282 1366
185 523
217 798
103 286
174 387
151 314
157 314
155 673
303 1283
275 682
300 1031
232 456
209 689
231 1302
155 348
39 88
239 654
164 342
232 756
163 581
568 3182
289 1031
142 419
203 443
335 859
53 74
367 1948
279 1150
307 721
316 1115
389 1275
209 568
242 763
175 579
722 2070
316 1002
248 923
235 892
201 501
167 751
229 717
138 314
305 1048
92 224
289 879
227 864
126 339
190 806
427 2053
84 153
128 435
153 411
166 315
143 592
370 1363
159 921
284 1142
307 963
148 437
571 2375
105 514
137 765
160 742
201 475
184 534
348 1461
233 1081
785 6291
173 480
187 460
413 1701
168 752
269 1203
186 788
126 278
375 911
234 720
341 1174
438 1600
127 737
253 776
265 849
128 290
303 1860
104 282
323 1005
125 309
210 548
246 529
374 1200
243 572
513 2692
231 504
82 178
162 905
133 310
107 197
240 513
180 623
252 883
292 727
185 915
136 253
89 131
128 342
304 2103
103 200
302 1582
323 2983
257 814
401 2036
298 1201
349 2046
284 1036
239 1020
103 238
219 998
229 1128
203 701
144 318
572 4126
81 182
119 215
280 1382
262 1037
133 186
275 1370
134 418
245 707
337 744
232 411
30 45
242 1057
258 1029
234 861
46 143
202 701
219 778
257 909
265 719
94 224
285 682
248 1121
221 645
123 267
310 1140
316 918
293 1512
315 1569
288 1235
119 252
136 499
219 576
195 1055
147 382
217 864
104 153
194 595
92 178
342 1157
361 1182
187 496
62 144
261 1249
169 372
203 940
244 734
167 551
118 271
373 1994
173 1598
141 978
446 2506
93 220
196 593
318 2739
154 307
128 479
207 671
141 330
394 2753
83 166
50 82
390 2152
424 3435
128 704
40 150
49 73
152 522
96 273
180 606
343 4463
297 1029
353 1319
122 258
271 800
307 1484
404 1721
234 647
313 832
231 531
331 2251
147 308
191 842
36 77
411 4404
98 288
66 185
248 634
98 351
110 278
123 459
162 429
197 448
55 204
163 766
110 549
251 1047
180 1360
57 272
277 539
123 248
75 150
361 1523
431 2012
269 1276
114 383
107 333
42 89
123 277
330 1501
236 1447
232 594
183 610
271 977
94 186
297 2299
50 178
243 1842
249 593
88 341
293 1068
147 360
102 452
99 249
281 2588
225 853
166 1233
285 1112
68 177
297 1308
101 253
161 745
315 1297
216 1359
41 67
45 83
45 68
96 221
234 762
266 833
202 1694
85 222
184 866
210 600
83 193
145 458
157 349
341 1873
86 275
425 2427
192 518
192 563
224 805
313 2063
252 1152
248 862
254 1677
248 1083
283 1309
153 381
50 81
153 546
145 437
75 130
63 128
163 382
266 1678
357 1941
131 399
60 94
255 1257
206 1569
55 107
259 931
337 1205
322 941
147 307
280 1446
161 5503
98 173
108 485
44 91
37 82
235 895
62 86
261 1194
64 116
102 392
99 203
349 2491
228 1424
96 219
330 824
188 914
83 291
67 117
71 258
36 64
25 131
214 1102
102 278
102 389
146 808
278 768
562 2139
90 173
92 161
35 181
127 511
164 502
239 579
29 114
62 122
68 186
277 2209
87 202
107 357
135 333
28 74
233 1606
141 710
358 2452
103 447
225 1125
112 482
366 1815
89 211
57 149
163 703
37 86
53 78
60 105
69 660
183 473
50 182
263 2184
169 749
159 2470
134 671
180 381
114 216
255 624
246 1064
43 57
72 338
59 88
113 744
234 1313
147 342
120 219
192 600
48 118
114 571
222 1171
252 915
48 115
121 1390
165 1925
93 149
247 761
185 679
85 185
108 296
42 73
176 568
81 154
112 258
87 203
207 1304
146 260
100 348
191 504
39 63
80 442
88 375
127 1150
186 742
168 1452
70 198
62 394
60 117
51 98
319 3106
41 71
53 212
36 79
136 399
32 47
103 328
38 91
285 1310
523 3662
7 27
224 923
59 112
34 52
109 183
82 185
35 82
323 1901
73 233
231 802
162 301
31 52
162 1030
234 1033
28 42
18 61
211 468
36 43
178 1305
29 58
54 165
390 1888
235 1240
19 57
100 258
89 650
108 1097
146 428
50 143
19 79
73 162
183 1608
41 76
59 101
39 132
49 96
30 67
326 1150
38 88
177 356
92 588
134 429
415 1868
65 171
96 240
166 518
104 890
12 51
36 48
103 1287
279 613
49 94
159 436
83 968
45 109
61 95
48 299
69 217
167 587
60 384
3 5
120 1231
101 589
39 88
78 345
36 185
55 109
99 223
149 379
187 521
92 226
141 255
119 221
119 403
143 413
155 436
338 1200
636 9178
136 316
228 739
278 1475
187 1056
88 131
55 317
98 284
332 2528
56 131
192 841
50 78
176 740
139 311
146 330
62 155
143 496
86 221
314 2168
213 738
222 1247
252 779
457 2241
90 565
298 807
251 1900
199 938
135 692
172 1365
366 2225
379 3161
46 128
234 763
277 932
214 372
120 677
260 840
400 1300
437 1754
3 8
52 113
482 1660
91 184
42 105
73 186
212 1544
176 607
284 1610
250 805
185 1839
102 198
580 2332
309 2146
75 297
156 675
81 128
133 385
146 528
206 1100
253 583
329 877
291 2679
144 1653
51 372
177 460
294 1809
184 1593
182 619
481 4165
123 294
552 7748
135 477
181 1510
125 417
505 3387
609 1969
273 1431
275 674
382 935
157 475
308 1287
170 707
116 680
53 133
198 1415
367 1471
162 1291
158 603
65 162
162 635
215 627
340 2308
110 218
232 745
266 1054
120 473
113 277
209 991
446 3194
