1 1
3 2
4 3
5 4
10 5
11 6
16 7
17 8
20 9
30 10
31 11
32 12
33 13
34 14
35 15
40 16
41 17
42 18
43 19
46 20
49 21
51 22
54 23
55 24
66 25
126 26
136 27
137 28
139 29
143 30
144 31
145 32
146 33
147 34
148 35
155 36
156 37
157 38
160 39
163 40
175 41
177 42
178 43
181 44
183 45
185 46
194 47
198 48
200 49
201 50
203 51
204 52
205 53
207 54
211 55
212 56
213 57
214 58
215 59
216 60
217 61
219 62
220 63
221 64
224 65
225 66
226 67
227 68
230 69
232 70
233 71
234 72
235 73
236 74
237 75
238 76
239 77
241 78
247 79
250 80
251 81
252 82
253 83
255 84
257 85
258 86
259 87
261 88
262 89
266 90
268 91
269 92
271 93
272 94
273 95
276 96
279 97
280 98
285 99
298 100
305 101
306 102
307 103
315 104
317 105
324 106
327 107
328 108
331 109
348 110
349 111
362 112
363 113
364 114
367 115
376 116
379 117
381 118
382 119
383 120
387 121
391 122
395 123
401 124
403 125
404 126
405 127
406 128
407 129
415 130
421 131
422 132
426 133
428 134
431 135
435 136
436 137
437 138
438 139
443 140
444 141
448 142
449 143
450 144
451 145
452 146
453 147
454 148
456 149
459 150
461 151
462 152
466 153
467 154
468 155
476 156
489 157
491 158
492 159
493 160
497 161
500 162
504 163
514 164
515 165
516 166
519 167
521 168
529 169
532 170
533 171
536 172
548 173
549 174
551 175
563 176
571 177
572 178
578 179
582 180
583 181
584 182
591 183
595 184
596 185
598 186
605 187
606 188
608 189
610 190
611 191
612 192
614 193
617 194
618 195
619 196
622 197
623 198
624 199
625 200
626 201
628 202
629 203
630 204
631 205
638 206
642 207
650 208
651 209
653 210
654 211
656 212
661 213
662 214
664 215
666 216
669 217
679 218
687 219
688 220
695 221
702 222
708 223
709 224
710 225
711 226
718 227
739 228
740 229
741 230
750 231
757 232
759 233
766 234
767 235
768 236
770 237
772 238
775 239
776 240
777 241
778 242
779 243
780 244
781 245
782 246
786 247
790 248
791 249
794 250
796 251
798 252
799 253
801 254
802 255
805 256
806 257
807 258
808 259
812 260
818 261
833 262
839 263
840 264
841 265
843 266
844 267
845 268
846 269
852 270
860 271
861 272
868 273
873 274
874 275
881 276
887 277
889 278
890 279
891 280
892 281
894 282
895 283
896 284
899 285
902 286
903 287
905 288
906 289
907 290
908 291
911 292
917 293
919 294
920 295
921 296
923 297
925 298
926 299
928 300
929 301
934 302
935 303
936 304
937 305
938 306
940 307
942 308
945 309
947 310
948 311
949 312
953 313
955 314
962 315
972 316
979 317
980 318
981 319
988 320
991 321
1004 322
1005 323
1008 324
1009 325
1013 326
1014 327
1015 328
1026 329
1027 330
1031 331
1032 332
1033 333
1037 334
1038 335
1043 336
1044 337
1048 338
1051 339
1052 340
1053 341
1056 342
1057 343
1058 344
1059 345
1060 346
1062 347
1063 348
1064 349
1068 350
1069 351
1073 352
1074 353
1076 354
1077 355
1078 356
1079 357
1080 358
1088 359
1092 360
1095 361
1097 362
1106 363
1121 364
1122 365
1123 366
1125 367
1128 368
1129 369
1135 370
1138 371
1139 372
1144 373
1150 374
1154 375
1160 376
1164 377
1165 378
1166 379
1170 380
1173 381
1174 382
1177 383
1178 384
1182 385
1186 386
1188 387
1191 388
1194 389
1195 390
1197 391
1200 392
1201 393
1204 394
1206 395
1207 396
1208 397
1210 398
1215 399
1217 400
1218 401
1219 402
1220 403
1221 404
1222 405
1223 406
1225 407
1226 408
1227 409
1228 410
1229 411
1233 412
1235 413
1236 414
1237 415
1242 416
1245 417
1249 418
1252 419
1254 420
1262 421
1265 422
1266 423
1270 424
1271 425
1272 426
1279 427
1281 428
1283 429
1286 430
1291 431
1292 432
1293 433
1294 434
1295 435
1296 436
1297 437
1298 438
1304 439
1307 440
1310 441
1311 442
1316 443
1317 444
1321 445
1322 446
1324 447
1325 448
1327 449
1328 450
1329 451
1330 452
1331 453
1332 454
1333 455
1334 456
1335 457
1336 458
1337 459
1338 460
1339 461
1341 462
1342 463
1343 464
1345 465
1346 466
1349 467
1350 468
1352 469
1353 470
1358 471
1361 472
1365 473
1366 474
1376 475
1377 476
1378 477
1387 478
1389 479
1394 480
1395 481
1397 482
1398 483
1399 484
1402 485
1404 486
1412 487
1416 488
1418 489
1421 490
1422 491
1423 492
1424 493
1425 494
1430 495
1432 496
1433 497
1434 498
1438 499
1441 500
1445 501
1446 502
1447 503
1450 504
1451 505
1452 506
1456 507
1458 508
1459 509
1460 510
1466 511
1468 512
1469 513
1471 514
1472 515
1474 516
1475 517
1476 518
1478 519
1479 520
1480 521
1483 522
1484 523
1485 524
1486 525
1487 526
1488 527
1489 528
1490 529
1491 530
1492 531
1493 532
1494 533
1495 534
1496 535
1497 536
1498 537
1499 538
1500 539
1501 540
1502 541
1503 542
1504 543
1505 544
1506 545
1507 546
1523 547
1531 548
1535 549
1551 550
1553 551
1554 552
1555 553
1559 554
1566 555
1569 556
1570 557
1571 558
1572 559
1574 560
1576 561
1577 562
1578 563
1579 564
1580 565
1584 566
1588 567
1589 568
1590 569
1593 570
1596 571
1597 572
1598 573
1599 574
1600 575
1601 576
1603 577
1604 578
1605 579
1606 580
1607 581
1608 582
1612 583
1613 584
1614 585
1620 586
1621 587
1623 588
1626 589
1627 590
1628 591
1629 592
1630 593
1631 594
1632 595
1633 596
1634 597
1635 598
1638 599
1640 600
1641 601
1644 602
1645 603
1648 604
1649 605
1655 606
1656 607
1659 608
1661 609
1669 610
1673 611
1676 612
1681 613
1686 614
1690 615
1691 616
1692 617
1694 618
1695 619
1699 620
1700 621
1701 622
1702 623
1704 624
1705 625
1706 626
1709 627
1710 628
1713 629
1717 630
1718 631
1720 632
1721 633
1724 634
1726 635
1727 636
1729 637
1731 638
1732 639
1733 640
1736 641
1738 642
1739 643
1741 644
1742 645
1743 646
1744 647
1745 648
1746 649
1747 650
1748 651
1749 652
1750 653
1751 654
1752 655
1753 656
1754 657
1755 658
1756 659
1757 660
1758 661
1759 662
1760 663
1761 664
1762 665
1763 666
1764 667
1765 668
1766 669
1767 670
1768 671
1769 672
1770 673
1773 674
1776 675
1777 676
1778 677
1788 678
1793 679
1812 680
1813 681
1814 682
1815 683
1818 684
1823 685
1825 686
1826 687
1828 688
1829 689
1832 690
1835 691
1837 692
1842 693
1843 694
1845 695
1846 696
1847 697
1848 698
1849 699
1850 700
1853 701
1854 702
1855 703
1860 704
1861 705
1863 706
1864 707
1865 708
1866 709
1870 710
1871 711
1873 712
1874 713
1875 714
1876 715
1877 716
1878 717
1882 718
1883 719
1884 720
1885 721
1886 722
1887 723
1888 724
1889 725
1891 726
1892 727
1893 728
1895 729
1896 730
1897 731
1898 732
1899 733
1900 734
1901 735
1902 736
1903 737
1904 738
1905 739
1906 740
1907 741
1908 742
1911 743
1912 744
1913 745
1914 746
1915 747
1916 748
1927 749
1934 750
1936 751
1942 752
1943 753
1948 754
1949 755
1950 756
1954 757
1960 758
1967 759
1968 760
1970 761
1971 762
1972 763
1973 764
1974 765
1978 766
1979 767
1980 768
1981 769
1983 770
1984 771
1985 772
1986 773
1987 774
1991 775
1992 776
1993 777
1995 778
1999 779
2000 780
2004 781
2008 782
2009 783
2010 784
2011 785
2012 786
2017 787
2018 788
2019 789
2020 790
2021 791
2022 792
2024 793
2025 794
2026 795
2027 796
2028 797
2029 798
2030 799
2031 800
2032 801
2033 802
2034 803
2035 804
2036 805
2037 806
2042 807
2043 808
2044 809
2045 810
2047 811
2048 812
2049 813
2050 814
2052 815
2062 816
2081 817
2082 818
2085 819
2087 820
2099 821
2100 822
2106 823
2110 824
2111 825
2112 826
2116 827
2117 828
2118 829
2123 830
2129 831
2130 832
2131 833
2133 834
2134 835
2136 836
2140 837
2142 838
2143 839
2144 840
2145 841
2146 842
2150 843
2152 844
2153 845
2154 846
2155 847
2157 848
2158 849
2160 850
2161 851
2162 852
2164 853
2165 854
2166 855
2169 856
2172 857
2173 858
2178 859
2179 860
2181 861
2182 862
2183 863
2184 864
2185 865
2186 866
2197 867
2198 868
2204 869
2210 870
2214 871
2218 872
2219 873
2220 874
2223 875
2230 876
2231 877
2235 878
2236 879
2237 880
2238 881
2239 882
2243 883
2245 884
2246 885
2247 886
2248 887
2252 888
2254 889
2255 890
2259 891
2260 892
2261 893
2262 894
2268 895
2271 896
2274 897
2275 898
2276 899
2284 900
2286 901
2289 902
2290 903
2291 904
2292 905
2293 906
2294 907
2295 908
2296 909
2298 910
2301 911
2302 912
2303 913
2304 914
2306 915
2307 916
2308 917
2320 918
2326 919
2329 920
2332 921
2334 922
2338 923
2345 924
2346 925
2349 926
2351 927
2352 928
2358 929
2359 930
2364 931
2370 932
2371 933
2374 934
2375 935
2376 936
2379 937
2385 938
2386 939
2395 940
2400 941
2402 942
2403 943
2408 944
2409 945
2413 946
2414 947
2417 948
2418 949
2419 950
2420 951
2421 952
2422 953
2423 954
2424 955
2425 956
2427 957
2428 958
2430 959
2431 960
2433 961
2434 962
2436 963
2455 964
2459 965
2467 966
2468 967
2471 968
2474 969
2478 970
2482 971
2483 972
2484 973
2498 974
2499 975
2500 976
2502 977
2504 978
2509 979
2510 980
2512 981
2514 982
2523 983
2527 984
2532 985
2533 986
2535 987
2536 988
2537 989
2538 990
2539 991
2540 992
2541 993
2542 994
2543 995
2545 996
2547 997
2548 998
2551 999
2563 1000
2564 1001
2566 1002
2567 1003
2569 1004
2570 1005
2571 1006
2574 1007
2576 1008
2577 1009
2578 1010
2585 1011
2595 1012
2600 1013
2603 1014
2604 1015
2605 1016
2606 1017
2618 1018
2619 1019
2624 1020
2625 1021
2626 1022
2627 1023
2629 1024
2630 1025
2645 1026
2646 1027
2653 1028
2655 1029
2668 1030
2672 1031
2673 1032
2679 1033
2682 1034
2683 1035
2695 1036
2696 1037
2697 1038
2698 1039
2703 1040
2704 1041
2705 1042
2706 1043
2712 1044
2716 1045
2719 1046
2726 1047
2730 1048
2733 1049
2734 1050
2735 1051
2737 1052
2738 1053
2739 1054
2742 1055
2744 1056
2746 1057
2747 1058
2748 1059
2776 1060
2780 1061
2786 1062
2791 1063
2793 1064
2798 1065
2804 1066
2809 1067
2828 1068
2831 1069
2833 1070
2836 1071
2842 1072
2845 1073
2847 1074
2848 1075
2849 1076
2850 1077
2851 1078
2852 1079
2853 1080
2854 1081
2857 1082
2863 1083
2867 1084
2868 1085
2874 1086
2881 1087
2884 1088
2886 1089
2888 1090
2890 1091
2894 1092
2895 1093
2897 1094
2899 1095
2901 1096
2910 1097
2913 1098
2920 1099
2923 1100
2929 1101
2932 1102
2933 1103
2934 1104
2936 1105
2937 1106
2938 1107
2940 1108
2968 1109
2969 1110
2980 1111
2981 1112
2994 1113
2995 1114
2997 1115
2998 1116
3005 1117
3022 1118
3025 1119
3027 1120
3030 1121
3031 1122
3033 1123
3036 1124
3038 1125
3043 1126
3044 1127
3045 1128
3046 1129
3048 1130
3049 1131
3052 1132
3056 1133
3062 1134
3063 1135
3080 1136
3081 1137
3082 1138
3096 1139
3097 1140
3104 1141
3112 1142
3114 1143
3116 1144
3117 1145
3118 1146
3119 1147
3121 1148
3122 1149
3123 1150
3125 1151
3126 1152
3127 1153
3128 1154
3130 1155
3131 1156
3141 1157
3146 1158
3152 1159
3155 1160
3161 1161
3165 1162
3168 1163
3169 1164
3184 1165
3187 1166
3190 1167
3194 1168
3202 1169
3204 1170
3215 1171
3216 1172
3217 1173
3218 1174
3224 1175
3226 1176
3227 1177
3232 1178
3245 1179
3249 1180
3250 1181
3254 1182
3265 1183
3268 1184
3290 1185
3292 1186
3293 1187
3294 1188
3295 1189
3300 1190
3310 1191
3315 1192
3316 1193
3318 1194
3319 1195
3324 1196
3329 1197
3332 1198
3334 1199
3338 1200
3341 1201
3357 1202
3360 1203
3372 1204
3380 1205
3383 1206
3384 1207
3389 1208
3391 1209
3395 1210
3396 1211
3398 1212
3409 1213
3426 1214
3427 1215
3431 1216
3433 1217
3451 1218
3452 1219
3454 1220
3455 1221
3456 1222
3460 1223
3461 1224
3466 1225
3469 1226
3476 1227
3485 1228
3487 1229
3488 1230
3493 1231
3495 1232
3497 1233
3501 1234
3502 1235
3504 1236
3512 1237
3520 1238
3529 1239
3532 1240
3539 1241
3558 1242
3566 1243
3567 1244
3571 1245
3572 1246
3584 1247
3594 1248
3595 1249
3607 1250
3609 1251
3627 1252
3628 1253
3633 1254
3635 1255
3642 1256
3660 1257
3661 1258
3663 1259
3666 1260
3670 1261
3673 1262
3680 1263
3692 1264
3693 1265
3713 1266
3714 1267
3715 1268
3721 1269
3735 1270
3738 1271
3739 1272
3764 1273
3779 1274
3784 1275
3803 1276
3817 1277
3835 1278
3846 1279
3853 1280
3861 1281
3864 1282
3866 1283
3868 1284
3890 1285
3904 1286
3905 1287
3907 1288
3909 1289
3914 1290
3920 1291
3926 1292
3937 1293
3946 1294
3968 1295
3990 1296
3995 1297
4022 1298
4053 1299
4055 1300
4118 1301
4137 1302
4144 1303
4151 1304
4179 1305
4189 1306
4191 1307
4198 1308
4202 1309
4211 1310
4215 1311
4239 1312
4279 1313
4292 1314
4300 1315
4304 1316
4315 1317
4325 1318
4357 1319
4377 1320
4378 1321
4379 1322
4380 1323
4387 1324
4422 1325
4458 1326
4468 1327
4478 1328
4481 1329
4497 1330
4529 1331
4557 1332
4558 1333
4579 1334
4608 1335
4610 1336
4623 1337
4653 1338
4723 1339
4733 1340
4745 1341
4766 1342
4782 1343
4799 1344
4829 1345
4832 1346
4838 1347
4875 1348
4878 1349
4919 1350
4955 1351
4965 1352
4971 1353
4986 1354
5132 1355
5166 1356
5169 1357
5174 1358
5175 1359
5177 1360
5179 1361
5180 1362
5182 1363
5187 1364
5189 1365
5191 1366
5194 1367
5199 1368
5201 1369
5202 1370
5206 1371
5220 1372
5237 1373
5238 1374
5240 1375
5244 1376
5245 1377
5246 1378
5250 1379
5260 1380
5267 1381
5268 1382
5276 1383
5284 1384
5290 1385
5291 1386
5294 1387
5299 1388
5300 1389
5301 1390
5304 1391
5305 1392
5307 1393
5308 1394
5309 1395
5311 1396
5312 1397
5316 1398
5326 1399
5331 1400
5332 1401
5334 1402
5335 1403
5355 1404
5361 1405
5362 1406
5380 1407
5387 1408
5395 1409
5401 1410
5402 1411
5421 1412
5422 1413
5433 1414
5435 1415
5436 1416
5438 1417
5445 1418
5465 1419
5467 1420
5468 1421
5471 1422
5475 1423
5478 1424
5481 1425
5484 1426
5488 1427
5496 1428
5497 1429
5498 1430
5503 1431
5504 1432
5510 1433
5513 1434
5516 1435
5518 1436
5524 1437
5527 1438
5528 1439
5539 1440
5540 1441
5542 1442
5543 1443
5545 1444
5546 1445
5554 1446
5555 1447
5562 1448
5565 1449
5567 1450
5569 1451
5571 1452
5577 1453
5578 1454
5579 1455
5592 1456
5595 1457
5597 1458
5600 1459
5603 1460
5608 1461
5609 1462
5616 1463
