1001453586 1
1003474104 2
1003474283 3
1003478461 4
1003504512 5
1003837184 6
1004514584 7
1004514714 8
1004527604 9
1004527691 10
1004527700 11
1005119041 12
1005174931 13
1005179264 14
1005179377 15
1005520576 16
1006258344 17
1006936257 18
1007432816 19
1011184205 20
1015143077 21
1016114585 22
1016118449 23
1016118651 24
1016122913 25
1016123127 26
1016166622 27
1016166928 28
1016192580 29
1016459595 30
1016805008 31
1016835041 32
1016839809 33
1017547830 34
1017819398 35
1017880794 36
1017992752 37
1018164997 38
1018510191 39
1018545595 40
1018550022 41
1018899361 42
1019024473 43
1019347828 44
1034197968 45
1034198388 46
1035557785 47
1035562328 48
1036546847 49
1036559440 50
1036559490 51
1036563762 52
1037293275 53
1045832508 54
1046812283 55
1046816660 56
1047153433 57
1047157746 58
1047157958 59
1047183897 60
1047210325 61
1047489962 62
1047525093 63
1047835635 64
1048004460 65
1048172314 66
1048180932 67
1048207713 68
1048215779 69
1048517845 70
1048854479 71
1049549402 72
1049549412 73
1049946735 74
1050249677 75
1050585709 76
1051630846 77
1064891781 78
1066234564 79
1067598881 80
1068272038 81
1068276312 82
1068613227 83
1068613231 84
1068613282 85
1068617431 86
1068954342 87
1068954391 88
1068958593 89
1068958652 90
1069295816 91
1069295830 92
1070332560 93
1070613107 94
1070646938 95
1072063538 96
1077847238 97
1077851524 98
1077851551 99
1078007730 100
1078525257 101
1078534091 102
1078534115 103
1078572735 104
1078693835 105
1078874826 106
1078875017 107
1079215685 108
1079707882 109
1080566792 110
1080579786 111
1080579985 112
1080580151 113
1081086613 114
1081434698 115
1081767446 116
1096894260 117
1096919756 118
1097265345 119
1097623778 120
1100675450 121
1100675497 122
1101012503 123
1101353948 124
1108541296 125
1108545472 126
1108545599 127
1109223365 128
1109568528 129
1109568718 130
1109957857 131
1110298200 132
1110307501 133
1110640084 134
1110937445 135
1110972158 136
1110985490 137
1110997994 138
1111278454 139
1111615136 140
1111947403 141
1112125413 142
1127604950 143
1127941858 144
1128274593 145
1129306180 146
1129323248 147
1130687130 148
1131810172 149
1131840673 150
1139265826 151
1139667240 152
1139724251 153
1139724263 154
1139921468 155
1139921865 156
1140603698 157
1140655376 158
1140655624 159
1140737968 160
1140738351 161
1140750808 162
1140950118 163
1140950144 164
1140996390 165
1141000881 166
1141006088 167
1141009503 168
1141009899 169
1141010036 170
1141268794 171
1141290695 172
1141290835 173
1141324564 174
1141328881 175
1141329053 176
1141329227 177
1141337518 178
1141337557 179
1141337605 180
1141337629 181
1141337663 182
1141337757 183
1141342258 184
1141342260 185
1141342299 186
1141346217 187
1141346308 188
1141346462 189
1141346472 190
1141350537 191
1141630854 192
1141631198 193
1141631240 194
1141636055 195
1141636389 196
1141674495 197
1141678637 198
1141678665 199
1141678931 200
1141678948 201
1141682748 202
1141687128 203
1141687352 204
1141691881 205
1141692008 206
1141972158 207
1141972202 208
1141976953 209
1141977014 210
1141977071 211
1142011140 212
1142019737 213
1142019868 214
1142019878 215
1142024290 216
1142028710 217
1142356511 218
1142356576 219
1142360528 220
1142365351 221
1142658717 222
1142706421 223
1142994933 224
1143332046 225
1143340753 226
1143677310 227
1143686159 228
1159321889 229
1161731111 230
1162063500 231
1162399882 232
1164113870 233
1165465632 234
1169657925 235
1169661785 236
1169989698 237
1169989859 238
1169993905 239
1169999059 240
1170072753 241
1170076975 242
1170077088 243
1170077089 244
1170322501 245
1170326256 246
1170326295 247
1170335262 248
1170344185 249
1170348225 250
1170400248 251
1170404820 252
1170404875 253
1170408975 254
1170412847 255
1170413055 256
1170413092 257
1170413110 258
1170413179 259
1170413285 260
1170413293 261
1170413425 262
1170413431 263
1170417462 264
1170417467 265
1170417562 266
1170417693 267
1170417710 268
1170421984 269
1170606692 270
1170667130 271
1170749579 272
1170753442 273
1170753611 274
1170753858 275
1170753959 276
1170754031 277
1170757913 278
1170757967 279
1170758186 280
1170762668 281
1171095158 282
1171104028 283
1171280441 284
1171431567 285
1171436073 286
1171617407 287
1171621616 288
1171621682 289
1171690432 290
1171690479 291
1171704378 292
1171759765 293
1171772286 294
1171785552 295
1172031461 296
1172044382 297
1172053274 298
1172363878 299
1172372291 300
1172372382 301
1172372655 302
1172385513 303
1172433712 304
1172441674 305
1172446050 306
1172446164 307
1172665846 308
1172670463 309
1172704683 310
1172713514 311
1172713521 312
1172730733 313
1172774470 314
1172796014 315
1173007139 316
1173011450 317
1173016042 318
1173045815 319
1173054679 320
1173063302 321
1173067651 322
1173072129 323
1173076392 324
1173076523 325
1173347968 326
1173391076 327
1173408617 328
1173417505 329
1173524747 330
1173732234 331
1173745220 332
1173745330 333
1173745411 334
1173753977 335
1173814525 336
1173866149 337
1174008477 338
1174077762 339
1174384118 340
1174410293 341
1174712037 342
1174716572 343
1175070762 344
1190339995 345
1190340083 346
1191392918 347
1196854070 348
1200351169 349
1200351200 350
1200416059 351
1200416127 352
1200429271 353
1200683283 354
1200687716 355
1200687913 356
1200700424 357
1200743767 358
1200743811 359
1200743891 360
1200743892 361
1200748287 362
1200748356 363
1200752926 364
1200753056 365
1200753147 366
1200753289 367
1200757630 368
1200757686 369
1200770728 370
1201028519 371
1201032707 372
1201084940 373
1201084988 374
1201085068 375
1201085147 376
1201085163 377
1201089476 378
1201093707 379
1201093753 380
1201093782 381
1201102301 382
1201792863 383
1202060409 384
1202125326 385
1202397143 386
1202410042 387
1202462198 388
1202470836 389
1202673723 390
1202704262 391
1202737975 392
1202746942 393
1203066201 394
1203066222 395
1203066401 396
1203070528 397
1203420037 398
1203424360 399
1203433388 400
1203696415 401
1203709763 402
1203735428 403
1203756972 404
1203769621 405
1203769862 406
1203774485 407
1203774508 408
1203779116 409
1203783013 410
1204076441 411
1204124270 412
1204124281 413
1204175835 414
1204391417 415
1204443547 416
1204447548 417
1204547624 418
1204775735 419
1204784216 420
1204875505 421
1205090786 422
1205225146 423
1205453648 424
1206114100 425
1223796442 426
1224137476 427
1224137495 428
1227534920 429
1230267764 430
1231299343 431
1231441917 432
1231442049 433
1231442285 434
1231445949 435
1231446153 436
1231446378 437
1231446411 438
1231450750 439
1231454981 440
1231459229 441
1231631777 442
1231718414 443
1231735257 444
1231744096 445
1231774505 446
1231778487 447
1231778565 448
1231778692 449
1231778910 450
1231783149 451
1231787352 452
1231795989 453
1231800234 454
1232115209 455
1232141286 456
1232145434 457
1232456585 458
1232654731 459
1233428010 460
1233436396 461
1233436426 462
1233436479 463
1233492573 464
1233501275 465
1233505806 466
1233703950 467
1233773217 468
1234226967 469
1234227156 470
1234230912 471
1234386037 472
1234472633 473
1234481054 474
1234567424 475
1234571701 476
1234571727 477
1234571750 478
1234731487 479
1234800242 480
1234809285 481
1234904294 482
1234912616 483
1234912664 484
1235115629 485
1235150293 486
1235750394 487
1236073998 488
1236419435 489
1236816635 490
1237814053 491
1255297788 492
1261976425 493
1261989183 494
1262412229 495
1262424913 496
1262472724 497
1262476815 498
1262476941 499
1262476984 500
1262477136 501
1262485643 502
1262485663 503
1262485704 504
1262485710 505
1262485726 506
1262485740 507
1262485769 508
1262493935 509
1262494221 510
1262494423 511
1262498815 512
1262744824 513
1262809198 514
1262809316 515
1262809506 516
1262813853 517
1262817736 518
1262817992 519
1262822280 520
1262830840 521
1262830956 522
1263098627 523
1263115934 524
1263150527 525
1263154785 526
1263163270 527
1263491233 528
1263832477 529
1264186300 530
1264371970 531
1265157632 532
1265261256 533
1265261328 534
1265261373 535
1265261383 536
1265265561 537
1265852784 538
1266478519 539
1266832645 540
1266871604 541
1267164975 542
1267868586 543
1268861712 544
1289618098 545
1292367728 546
1293451424 547
1293507152 548
1293507172 549
1293507235 550
1293507425 551
1293507452 552
1293507539 553
1293511634 554
1293511688 555
1293511697 556
1293511727 557
1293511728 558
1293516024 559
1293516188 560
1293524706 561
1293524783 562
1293524890 563
1293524918 564
1293839626 565
1293843986 566
1293844055 567
1293844182 568
1293844319 569
1293844325 570
1293848435 571
1293848553 572
1293852898 573
1293852908 574
1293878803 575
1293878882 576
1294185362 577
1294206758 578
1294465669 579
1294534661 580
1294543524 581
1295225451 582
1295501882 583
1295566429 584
1295847315 585
1295855722 586
1295955716 587
1296287376 588
1296291825 589
1296296160 590
1296300525 591
1296524721 592
1297202769 593
1297556652 594
1297815807 595
1313496027 596
1322353714 597
1322353824 598
1324218580 599
1324222950 600
1324542324 601
1324546987 602
1324551005 603
1324555206 604
1324555342 605
1324559671 606
1324563972 607
1324564234 608
1324844582 609
1324904932 610
1325073331 611
1325245970 612
1325250418 613
1326264840 614
1326618995 615
1326623074 616
1326813363 617
1327494939 618
1327831724 619
1327831994 620
1328505485 621
1328513713 622
1328518365 623
1328522741 624
1330275332 625
1344811248 626
1352077058 627
1354411526 628
1354752603 629
1357321396 630
1357848386 631
1357999210 632
1358158733 633
1359212271 634
1359553384 635
1360308607 636
1376203864 637
1387497141 638
1387575003 639
1387579390 640
1387583729 641
1387583807 642
1388002375 643
1388585088 644
1389189176 645
1390618359 646
1390942076 647
1390946364 648
1391969347 649
1392655948 650
1418273110 651
1418351262 652
1418618235 653
1418976540 654
1419019956 655
1420306364 656
1420651734 657
1420966843 658
1421666260 659
1442819296 660
1449662010 661
1449670372 662
1450011431 663
1450011990 664
1450581687 665
1450663446 666
1451341240 667
1451695303 668
1451699682 669
1452001679 670
1452317118 671
1481383029 672
1481383373 673
1484076853 674
1512081419 675
1513687200 676
1515418525 677
1536947502 678
1573792824 679
1609542060 680
1629383757 681
1630051981 682
1639234609 683
1639243580 684
1640594274 685
1664178250 686
1670265016 687
1670934213 688
1685555983 689
1692817033 690
1693154060 691
1693486219 692
1700937093 693
1700946301 694
1702306047 695
1703683361 696
1727979406 697
1728315957 698
1733677514 699
1734350788 700
1734350908 701
1734420152 702
1755556097 703
1756579280 704
1762704980 705
1764091241 706
1765040289 707
1765415970 708
1788300760 709
1793014716 710
1793351401 711
1796817841 712
1796818119 713
1797505019 714
1818307672 715
1820721562 716
1825085656 717
1827473315 718
1827516355 719
1827861966 720
1828206773 721
1850706912 722
1850711304 723
1851061177 724
1851389175 725
1851393805 726
1856820042 727
1857148391 728
1857825571 729
1858171399 730
1881751117 731
1882083076 732
1887163927 733
1887872301 734
1888178718 735
1888213190 736
1888572074 737
1889253763 738
1889253785 739
1910886083 740
1912777226 741
1912789965 742
1914140664 743
1914823337 744
1914823414 745
1917188956 746
1943811511 747
1943811736 748
1944502935 749
1944507292 750
1946178096 751
1975187675 752
1975878958 753
1977579449 754
1977916288 755
200326126 756
2010992546 757
2038271921 758
2039273648 759
2064165421 760
2069648663 761
2101391269 762
2124762952 763
2166133204 764
264083994 765
268725517 766
268731005 767
294161385 768
294436967 769
295478082 770
296199149 771
297230760 772
297251714 773
297908801 774
298258513 775
298595394 776
298612190 777
299613480 778
300968622 779
300972942 780
301309622 781
301314150 782
301314154 783
301314208 784
301318641 785
326119769 786
326159907 787
326817334 788
327499164 789
328213824 790
328253133 791
328533761 792
328542218 793
328546871 794
328611004 795
328861282 796
329435390 797
329566174 798
330268940 799
330661529 800
331662668 801
331662710 802
331662717 803
331999156 804
331999213 805
332003372 806
332003629 807
332003730 808
332003895 809
332003899 810
332007728 811
332008063 812
332008082 813
332340127 814
332340236 815
332344539 816
332344592 817
332344670 818
332344760 819
332344908 820
332349228 821
332349327 822
332353106 823
332353336 824
332353438 825
332353566 826
332685594 827
332685751 828
332685755 829
332689776 830
332690153 831
333030976 832
333031114 833
333035349 834
333039671 835
354775482 836
354779890 837
355086967 838
356818390 839
356818551 840
357146296 841
357515217 842
357573154 843
357932060 844
359287673 845
359586213 846
359598627 847
359974171 848
360284300 849
360941147 850
361376643 851
362041442 852
362689128 853
362693077 854
362693473 855
362697657 856
362701764 857
362701875 858
362701895 859
362701969 860
363029976 861
363030024 862
363030040 863
363034174 864
363034211 865
363034407 866
363034501 867
363038752 868
363038831 869
363042781 870
363047222 871
363370708 872
363370913 873
363371001 874
363375247 875
363375408 876
363375475 877
363379387 878
363384083 879
363384090 880
363384138 881
363387921 882
363716151 883
363716303 884
363716362 885
363724985 886
363724996 887
363725096 888
363725201 889
363725228 890
363729312 891
363729314 892
363733406 893
364061776 894
364066029 895
364070309 896
364070517 897
364407023 898
364411143 899
385132611 900
385158577 901
386829647 902
387512128 903
387568523 904
387870860 905
388629465 906
388881226 907
389195896 908
389205204 909
389210230 910
390590450 911
390603428 912
391716661 913
392368893 914
393383025 915
393387426 916
393404592 917
393736822 918
393766777 919
394060556 920
394060620 921
394064790 922
394069210 923
394073547 924
394077610 925
394081878 926
394397189 927
394401778 928
394414724 929
394414783 930
394418743 931
394427392 932
394755376 933
394755632 934
394755645 935
394755742 936
394755782 937
394759626 938
394759837 939
394764082 940
394768379 941
395105113 942
415494049 943
415511327 944
415826533 945
415835070 946
415835178 947
415848195 948
415848228 949
415852518 950
415908516 951
416189410 952
416189500 953
416508862 954
416837168 955
417221397 956
417558532 957
420696828 958
421641859 959
422682603 960
422725634 961
423382015 962
423774471 963
424716408 964
424754530 965
424767514 966
424776680 967
424780893 968
424789697 969
425086839 970
425086851 971
425104113 972
425104178 973
425104216 974
425112506 975
425126008 976
425276848 977
425431837 978
425436170 979
425445301 980
425768768 981
425768822 982
426139965 983
426140035 984
426464004 985
426477089 986
426818061 987
446533552 988
446826981 989
446848967 990
446883390 991
447219992 992
447224575 993
447599745 994
448204394 995
448342846 996
448942604 997
449241371 998
449244969 999
449948630 1000
450617762 1001
452971138 1002
453053044 1003
453380528 1004
454252960 1005
454335501 1006
455155337 1007
455159380 1008
455431209 1009
455793621 1010
455793743 1011
455793827 1012
455811760 1013
456121649 1014
456134692 1015
456174330 1016
456458549 1017
456462835 1018
456462919 1019
456467162 1020
456523994 1021
456808311 1022
456820863 1023
456846996 1024
457175171 1025
457196643 1026
457507485 1027
476545134 1028
477179700 1029
477262101 1030
477572961 1031
477861840 1032
477896729 1033
477900945 1034
477900959 1035
477909602 1036
477909679 1037
477909698 1038
478250407 1039
478250482 1040
478613576 1041
478660968 1042
479935033 1043
479969106 1044
480310599 1045
480315387 1046
480331310 1047
480590566 1048
480997558 1049
481359062 1050
482762280 1051
484130600 1052
484350664 1053
484368420 1054
484735678 1055
484911954 1056
485132675 1057
486073415 1058
486815976 1059
486837442 1060
486880919 1061
487143497 1062
487144598 1063
487160828 1064
487187476 1065
487191669 1066
487489028 1067
487489064 1068
487493197 1069
487501700 1070
487834111 1071
487834131 1072
487834179 1073
487847296 1074
487899562 1075
487925037 1076
487925063 1077
488179585 1078
488179878 1079
488184014 1080
488188560 1081
488205572 1082
488322846 1083
488520820 1084
488533722 1085
488559952 1086
488572496 1087
488581156 1088
507243409 1089
507260559 1090
507592981 1091
508292573 1092
508599181 1093
508599194 1094
508599211 1095
508599271 1096
508599276 1097
508616471 1098
508689623 1099
508897030 1100
508918609 1101
508935964 1102
508939879 1103
508939914 1104
508940291 1105
508940292 1106
508949033 1107
509013752 1108
509264220 1109
509695478 1110
509700197 1111
509928512 1112
510049477 1113
511271574 1114
511349908 1115
511681569 1116
512023157 1117
512765910 1118
513451621 1119
514068564 1120
515385637 1121
515813661 1122
516055524 1123
516844782 1124
517207902 1125
517506265 1126
517510393 1127
517514142 1128
517514588 1129
517518166 1130
517699705 1131
517838849 1132
517847127 1133
517850316 1134
517854468 1135
517858947 1136
517871837 1137
518183562 1138
518187118 1139
518191547 1140
518195738 1141
518212987 1142
518217691 1143
518528152 1144
518532490 1145
518864844 1146
518864924 1147
518869381 1148
518869459 1149
518873469 1150
518873604 1151
518882016 1152
518899665 1153
518930199 1154
519206240 1155
519210172 1156
519214622 1157
519214895 1158
519218919 1159
519223027 1160
519223428 1161
519227414 1162
519232054 1163
519555690 1164
519564501 1165
519573099 1166
519573128 1167
519581562 1168
519620935 1169
519900699 1170
519905418 1171
520380132 1172
537945877 1173
538282782 1174
538308362 1175
538602138 1176
538653955 1177
538908474 1178
538951958 1179
539249493 1180
539586554 1181
539949478 1182
539949536 1183
539975118 1184
539975122 1185
539983731 1186
540001084 1187
540389646 1188
540389734 1189
540730639 1190
540730657 1191
540730738 1192
541007502 1193
541697718 1194
542039038 1195
542315097 1196
542371432 1197
542376096 1198
542634818 1199
543365264 1200
543692985 1201
543702186 1202
544021095 1203
544037996 1204
544107335 1205
544158940 1206
544361987 1207
544383511 1208
545385576 1209
547240545 1210
547552266 1211
548203966 1212
548549000 1213
548549395 1214
548552875 1215
548552915 1216
548553386 1217
548553494 1218
548872750 1219
548878145 1220
548885313 1221
548885407 1222
548889938 1223
548894251 1224
548898403 1225
548898520 1226
549158040 1227
549161688 1228
549219101 1229
549222167 1230
549226277 1231
549230949 1232
549248200 1233
549567614 1234
549571627 1235
549571739 1236
549572017 1237
549576117 1238
549576424 1239
549597974 1240
549610772 1241
549899821 1242
549904227 1243
549904387 1244
549908737 1245
549916869 1246
549917317 1247
549955973 1248
550081666 1249
550245056 1250
550271272 1251
550275987 1252
550408954 1253
550598935 1254
550599514 1255
550944712 1256
550944744 1257
551113395 1258
551445253 1259
551790504 1260
551790913 1261
568635279 1262
569002579 1263
569278689 1264
569313277 1265
569317846 1266
569334986 1267
569615641 1268
569650323 1269
569939107 1270
569943419 1271
569952299 1272
569999973 1273
570288900 1274
570314896 1275
570327880 1276
570336412 1277
570336487 1278
570643102 1279
570643109 1280
570643135 1281
570643193 1282
570647225 1283
570647366 1284
570647526 1285
570742510 1286
570742527 1287
570742599 1288
570997147 1289
571044587 1290
571424323 1291
571424636 1292
571424650 1293
571424748 1294
571666400 1295
571778381 1296
571778433 1297
573056433 1298
573065577 1299
573329304 1300
573333284 1301
573333835 1302
573381453 1303
573402255 1304
573410968 1305
573414575 1306
573670049 1307
573708714 1308
574032862 1309
574037266 1310
574037281 1311
574037479 1312
574374051 1313
574377562 1314
574377845 1315
574688051 1316
574965048 1317
576825965 1318
577205852 1319
577554935 1320
578694777 1321
578893446 1322
579234980 1323
579576294 1324
579583329 1325
579587796 1326
579592279 1327
579592619 1328
579596940 1329
579912201 1330
579916831 1331
579924731 1332
579928928 1333
580317662 1334
580598373 1335
580610916 1336
580611301 1337
580732172 1338
580934661 1339
580947602 1340
580951922 1341
581293182 1342
5812978878 1343
5812979015 1344
5812979016 1345
5812979026 1346
5812979069 1347
5812979119 1348
5812979121 1349
5812979128 1350
5812979133 1351
5812979156 1352
5812979168 1353
5812979170 1354
5812979172 1355
5812979175 1356
5812979176 1357
5812979177 1358
5812979187 1359
5812979188 1360
5812979191 1361
5812979196 1362
5812979197 1363
5812979222 1364
5812979254 1365
5812979263 1366
5812979271 1367
5812979282 1368
5812979284 1369
5812979287 1370
5812979289 1371
5812979291 1372
5812979292 1373
5812979294 1374
5812979296 1375
5812979298 1376
5812979299 1377
5812979301 1378
5812979306 1379
5812979307 1380
5812979308 1381
5812979309 1382
5812979311 1383
5812979312 1384
5812979314 1385
5812979326 1386
5812979371 1387
5812979408 1388
5812979494 1389
5812979502 1390
5812979531 1391
5812979532 1392
5812979558 1393
5812979560 1394
5812979616 1395
5812979619 1396
5812979634 1397
5812979635 1398
5812979639 1399
5812979667 1400
5812979693 1401
5812980016 1402
5812980179 1403
5812980192 1404
5812980207 1405
5812980209 1406
5812980212 1407
5812980219 1408
5812980220 1409
5812980222 1410
5812980282 1411
5812980289 1412
5812980351 1413
5812980369 1414
5812980370 1415
5812980376 1416
5812980378 1417
5812980379 1418
5812980386 1419
5812980393 1420
5812980395 1421
5812980397 1422
5812980398 1423
5812980404 1424
5812980408 1425
5812980410 1426
5812980414 1427
5812980425 1428
5812980426 1429
5812980428 1430
5812980432 1431
5812980438 1432
5812980444 1433
5812980446 1434
5812980448 1435
5812980520 1436
5812980537 1437
5812980555 1438
5812980557 1439
5812980561 1440
5812980566 1441
5812980567 1442
5812980569 1443
5812980579 1444
5812980580 1445
5812980588 1446
5812980590 1447
5812980593 1448
5812980594 1449
5812980597 1450
5812980599 1451
5812980600 1452
5812980611 1453
5812980615 1454
5812980618 1455
5812980624 1456
5812980638 1457
5812980662 1458
5812980746 1459
5812980768 1460
5812980787 1461
5812980792 1462
5812980796 1463
5812980798 1464
5812980799 1465
5812980802 1466
5812980803 1467
5812980806 1468
5812980811 1469
5812980813 1470
5812980884 1471
5812980892 1472
5812980931 1473
5812980934 1474
5812980938 1475
5812980940 1476
5812980944 1477
5812980947 1478
5812980965 1479
5812980973 1480
5812980977 1481
5812980992 1482
5812981038 1483
5812981039 1484
5812981042 1485
5812981046 1486
5812981058 1487
5812981068 1488
5812981071 1489
5812981072 1490
5812981086 1491
5812981104 1492
5812981106 1493
5812981109 1494
5812981120 1495
5812981127 1496
5812981136 1497
5812981141 1498
5812981142 1499
5812981148 1500
5812981153 1501
5812981154 1502
5812981160 1503
5812981164 1504
5812981227 1505
5812981264 1506
5812981270 1507
5812981274 1508
5812981275 1509
5812981277 1510
5812981279 1511
5812981290 1512
5812981308 1513
5812981318 1514
5812981320 1515
5812981322 1516
5812981327 1517
5812981332 1518
5812981333 1519
5812981339 1520
5812981340 1521
5812981341 1522
5812981348 1523
5812981356 1524
5812981357 1525
5812981359 1526
5812981361 1527
5812981363 1528
5812981364 1529
5812981365 1530
5812981373 1531
5812981379 1532
5812981381 1533
5812981390 1534
5812981399 1535
5812981400 1536
5812981401 1537
5812981432 1538
5812981441 1539
5812981467 1540
5812981543 1541
5812981553 1542
5812981563 1543
5812981564 1544
5812981569 1545
5812981570 1546
5812981578 1547
5812981581 1548
5812981582 1549
5812981586 1550
5812981590 1551
5812981602 1552
5812981607 1553
5812981616 1554
5812981618 1555
5812981619 1556
5812981641 1557
5812981643 1558
5812981654 1559
5812981667 1560
5812981669 1561
5812981670 1562
5812981671 1563
5812981673 1564
5812981676 1565
5812981679 1566
5812981680 1567
5812981689 1568
5812981690 1569
5812981702 1570
5812981703 1571
5812981704 1572
5812981706 1573
5812981717 1574
5812981763 1575
5812981796 1576
5812981797 1577
5812981800 1578
5812981816 1579
5812981853 1580
5812981858 1581
5812981895 1582
5812981924 1583
5812981932 1584
5812981943 1585
5812981944 1586
5812981947 1587
5812981950 1588
5812981951 1589
5812981960 1590
5812981961 1591
5812981962 1592
5812981965 1593
5812981970 1594
5812981971 1595
5812981978 1596
5812981986 1597
5812981989 1598
5812981990 1599
5812982000 1600
5812982011 1601
5812982012 1602
5812982017 1603
5812982020 1604
5812982072 1605
5812982086 1606
5812982087 1607
5812982088 1608
5812982091 1609
5812982118 1610
5812982120 1611
5812982125 1612
5812982145 1613
5812982149 1614
5812982154 1615
5812982162 1616
5812982168 1617
5812982177 1618
5812982192 1619
5812982198 1620
5812982200 1621
5812982204 1622
5812982205 1623
5812982211 1624
5812982216 1625
5812982220 1626
5812982252 1627
5812982273 1628
5812982316 1629
5812982328 1630
5812982329 1631
5812982347 1632
5812982350 1633
5812982371 1634
5812982372 1635
5812982374 1636
5812982388 1637
5812982389 1638
5812982390 1639
5812982397 1640
5812982403 1641
5812982420 1642
5812982421 1643
5812982422 1644
5812982426 1645
5812982429 1646
5812982430 1647
5812982436 1648
5812982437 1649
5812982442 1650
5812982466 1651
5812982470 1652
5812982471 1653
5812982490 1654
5812982492 1655
5812982505 1656
5812982506 1657
5812982514 1658
5812982520 1659
5812982521 1660
5812982529 1661
5812982530 1662
5812982532 1663
5812982547 1664
5812982556 1665
5812982562 1666
5812982566 1667
5812982577 1668
5812982578 1669
5812982579 1670
5812982589 1671
5812982594 1672
5812982602 1673
5812982610 1674
5812982620 1675
5812982657 1676
5812982692 1677
5812982694 1678
5812982706 1679
5812982725 1680
5812982727 1681
5812982760 1682
5812982761 1683
5812982766 1684
5812982779 1685
5812982780 1686
5812982782 1687
5812982795 1688
5812982802 1689
5812982803 1690
5812982823 1691
5812982825 1692
5812982826 1693
5812982832 1694
5812982837 1695
5812982871 1696
5812982872 1697
5812982874 1698
5812982875 1699
5812982876 1700
5812982877 1701
5812982924 1702
5812982925 1703
5812982999 1704
5812983003 1705
5812983006 1706
5812983009 1707
5812983012 1708
5812983023 1709
5812983028 1710
5812983038 1711
5812983042 1712
5812983043 1713
5812983101 1714
5812983106 1715
5812983107 1716
5812983112 1717
5812983114 1718
5812983131 1719
5812983133 1720
5812983134 1721
5812983147 1722
5812983152 1723
5812983166 1724
5812983174 1725
5812983192 1726
5812983199 1727
5812983200 1728
5812983206 1729
5812983213 1730
5812983268 1731
5812983272 1732
5812983298 1733
5812983302 1734
5812983303 1735
5812983309 1736
5812983310 1737
5812983319 1738
5812983321 1739
5812983322 1740
5812983323 1741
5812983328 1742
5812983330 1743
5812983337 1744
5812983345 1745
5812983346 1746
5812983383 1747
5812983399 1748
5812983418 1749
5812983423 1750
5812983427 1751
5812983429 1752
5812983438 1753
5812983448 1754
5812983451 1755
5812983454 1756
5812983455 1757
5812983522 1758
5812983526 1759
5812983528 1760
5812983533 1761
5812983544 1762
5812983569 1763
5812983571 1764
5812983575 1765
5812983576 1766
5812983578 1767
5812983579 1768
5812983608 1769
5812983645 1770
5812983646 1771
5812983657 1772
5812983658 1773
5812983673 1774
5812983745 1775
5812983827 1776
5812983837 1777
5812983851 1778
5812983861 1779
5812983866 1780
5812983869 1781
5812983871 1782
5812983898 1783
5812983899 1784
5812983903 1785
5812983942 1786
5812984045 1787
5812987762 1788
5812989173 1789
5812989588 1790
5812996052 1791
5812997518 1792
5813000276 1793
5813010180 1794
5813010617 1795
5813011555 1796
5813011660 1797
5813011717 1798
5813011738 1799
5813014858 1800
5813016743 1801
5813017508 1802
5813019513 1803
5813019543 1804
5813019607 1805
5813019609 1806
5813019763 1807
5813019770 1808
5813019772 1809
5813019774 1810
5813019779 1811
5813019801 1812
5813019807 1813
5813019850 1814
5813019908 1815
5813019917 1816
5813019976 1817
5813019982 1818
5813020041 1819
5813020046 1820
5813020047 1821
5813020052 1822
5813020057 1823
5813020061 1824
5813020068 1825
5813020089 1826
5813020132 1827
5813020136 1828
5813020271 1829
5813020274 1830
5813020288 1831
5813020424 1832
5813020473 1833
5813020491 1834
5813020493 1835
5813020673 1836
5813020828 1837
5813020830 1838
5813020831 1839
5813020988 1840
5813020996 1841
5813021016 1842
5813021017 1843
5813021019 1844
5813021023 1845
5813021033 1846
5813021135 1847
5813021174 1848
5813021183 1849
5813021251 1850
5813021261 1851
5813021263 1852
5813021273 1853
5813021275 1854
5813021277 1855
5813021289 1856
5813021291 1857
5813021292 1858
5813021294 1859
5813021296 1860
5813021301 1861
5813021303 1862
5813021304 1863
5813021311 1864
5813021312 1865
5813021313 1866
5813021314 1867
5813021315 1868
5813021316 1869
5813021319 1870
5813021326 1871
5813021332 1872
5813021336 1873
5813021341 1874
5813021363 1875
5813021379 1876
5813021380 1877
5813021382 1878
5813021386 1879
5813021397 1880
5813021399 1881
5813021400 1882
5813021401 1883
5813021404 1884
5813021411 1885
5813021415 1886
5813021417 1887
5813021441 1888
5813021446 1889
5813021447 1890
5813021449 1891
5813021452 1892
5813021463 1893
5813021464 1894
5813021465 1895
5813021469 1896
5813021471 1897
5813021474 1898
5813021482 1899
5813021615 1900
5813021642 1901
5813021645 1902
5813021647 1903
5813021659 1904
5813021666 1905
5813021736 1906
5813021748 1907
5813021766 1908
5813021772 1909
5813021778 1910
5813021779 1911
5813021781 1912
5813021786 1913
5813021788 1914
5813021792 1915
5813021799 1916
5813021805 1917
5813021806 1918
5813021808 1919
5813021809 1920
5813021812 1921
5813021822 1922
5813021828 1923
5813021829 1924
5813021832 1925
5813021844 1926
5813021848 1927
5813021856 1928
5813021865 1929
5813021874 1930
5813021882 1931
5813021899 1932
5813021904 1933
5813021922 1934
5813021989 1935
5813021999 1936
5813022037 1937
5813022042 1938
5813022049 1939
5813022050 1940
5813022054 1941
5813022060 1942
5813022076 1943
5813022117 1944
5813022119 1945
5813022133 1946
5813022175 1947
5813022199 1948
5813022201 1949
5813022203 1950
5813022207 1951
5813022210 1952
5813022212 1953
5813022232 1954
5813022234 1955
5813022239 1956
5813022267 1957
5813022341 1958
5813022352 1959
5813022404 1960
5813022424 1961
5813022792 1962
5813022896 1963
5813024601 1964
5813024710 1965
5813024712 1966
5813024799 1967
5813027400 1968
5813027460 1969
5813027518 1970
5813027584 1971
5813027592 1972
5813027704 1973
5813027747 1974
5813031268 1975
5813032245 1976
5813032504 1977
5813032512 1978
5813032514 1979
5813032541 1980
5813032552 1981
5813032554 1982
5813032593 1983
5813032694 1984
5813032702 1985
5813032734 1986
5813032759 1987
5813032771 1988
5813032782 1989
5813032811 1990
5813032813 1991
5813032868 1992
5813032874 1993
5813032876 1994
5813032887 1995
5813032896 1996
5813032900 1997
5813032943 1998
5813032946 1999
5813032967 2000
5813032997 2001
5813033000 2002
5813033009 2003
5813033012 2004
5813033033 2005
5813033059 2006
5813033065 2007
5813033086 2008
5813033125 2009
5813033127 2010
5813033144 2011
5813033196 2012
5813033208 2013
5813033215 2014
5813033226 2015
5813033259 2016
5813033267 2017
5813033277 2018
5813033312 2019
5813033314 2020
5813034571 2021
5813035267 2022
5813035275 2023
5813035318 2024
5813035558 2025
5813035612 2026
5813035613 2027
5813035700 2028
5813038793 2029
5813038889 2030
5813039235 2031
5813039315 2032
5813039465 2033
5813039471 2034
5813040171 2035
5813040205 2036
5813040492 2037
5813040515 2038
5813040731 2039
5813040887 2040
5813040892 2041
5813040941 2042
5813041206 2043
5813042616 2044
5813042659 2045
5813047220 2046
5813047221 2047
5813047662 2048
5813047676 2049
5813047683 2050
5813047774 2051
5813047784 2052
5813047790 2053
5813048214 2054
5813049834 2055
5813049920 2056
5813049966 2057
5813050727 2058
5813050729 2059
5813050765 2060
5813050818 2061
5813050820 2062
5813052909 2063
5813053821 2064
5813053878 2065
5813053885 2066
5813053886 2067
5813053888 2068
5813053935 2069
5813053937 2070
5813054085 2071
5813054086 2072
5813054342 2073
5813054343 2074
5813054643 2075
5813054697 2076
5813055025 2077
5813055048 2078
5813055147 2079
5813055162 2080
5813055180 2081
5813055184 2082
5813055889 2083
5813055914 2084
5813055916 2085
5813055923 2086
5813055924 2087
5813056020 2088
5813056028 2089
5813056072 2090
5813056110 2091
5813056120 2092
5813056121 2093
5813056180 2094
5813056183 2095
5813056205 2096
5813056234 2097
5813056299 2098
5813056300 2099
5813056305 2100
5813056307 2101
5813056309 2102
5813056311 2103
5813056313 2104
5813056327 2105
5813056344 2106
5813056355 2107
5813056372 2108
5813056383 2109
5813056390 2110
5813056395 2111
5813056414 2112
5813056596 2113
5813057132 2114
5813057187 2115
5813057191 2116
5813057210 2117
5813057213 2118
5813057227 2119
5813057239 2120
5813057468 2121
5813057573 2122
5813057675 2123
5813057867 2124
5813057869 2125
5813057942 2126
5813057947 2127
5813057956 2128
5813057959 2129
5813058028 2130
5813058048 2131
5813058069 2132
5813058106 2133
5813058137 2134
5813058163 2135
5813058215 2136
5813058310 2137
5813058320 2138
5813058431 2139
5813059951 2140
5813060614 2141
5813060643 2142
5813060663 2143
5813060774 2144
5813060776 2145
5813060798 2146
5813060799 2147
5813060811 2148
5813060812 2149
5813060817 2150
5813061044 2151
5813061112 2152
5813061200 2153
5813061212 2154
5813061260 2155
5813061560 2156
5813061597 2157
5813061625 2158
5813061879 2159
5813061888 2160
5813062225 2161
5813062565 2162
5813062617 2163
5813062631 2164
5813062635 2165
5813062637 2166
5813062645 2167
5813062830 2168
5813062838 2169
5813062842 2170
5813062850 2171
5813062858 2172
5813062862 2173
5813063140 2174
5813063224 2175
5813063229 2176
5813063239 2177
5813063280 2178
5813063449 2179
5813063527 2180
5813064332 2181
5813064410 2182
5813064427 2183
5813064793 2184
5813065308 2185
5813065443 2186
5813065587 2187
5813067708 2188
5813067728 2189
5813067736 2190
5813067761 2191
5813067765 2192
5813067779 2193
5813067792 2194
5813067793 2195
5813067795 2196
5813067817 2197
5813067826 2198
5813067833 2199
5813067836 2200
5813067858 2201
5813067869 2202
5813068669 2203
5813068687 2204
5813068690 2205
5813068692 2206
5813068700 2207
5813068729 2208
5813068743 2209
5813068752 2210
5813068969 2211
5813068984 2212
5813069089 2213
5813069096 2214
5813069114 2215
5813069379 2216
5813069385 2217
5813069387 2218
5813069447 2219
5813069792 2220
5813069965 2221
5813069977 2222
5813070270 2223
5813070369 2224
5813070581 2225
5813070672 2226
5813070872 2227
5813070991 2228
5813071348 2229
5813071406 2230
5813071409 2231
5813075020 2232
5813075202 2233
5813075824 2234
5813075855 2235
5813077572 2236
5813077575 2237
5813077579 2238
5813077582 2239
5813077583 2240
5813077589 2241
5813077607 2242
5813077610 2243
5813077611 2244
5813077613 2245
5813077616 2246
5813078053 2247
5813078064 2248
5813078179 2249
5813078323 2250
5813078499 2251
5813078504 2252
5813078507 2253
5813078552 2254
5813078555 2255
5813078595 2256
5813078603 2257
5813078679 2258
5813078684 2259
5813079004 2260
5813079050 2261
5813079174 2262
5813079228 2263
5813079489 2264
5813080254 2265
5813080343 2266
5813080766 2267
5813080842 2268
5813081174 2269
5813081175 2270
5813081176 2271
5813081511 2272
5813081797 2273
5813082175 2274
5813082459 2275
5813082811 2276
5813082847 2277
5813083651 2278
5813083719 2279
5813083779 2280
5813083990 2281
5813084505 2282
5813084692 2283
5813085240 2284
5813086212 2285
5813087453 2286
5813087798 2287
5813087817 2288
5813087831 2289
5813088058 2290
5813088767 2291
5813089504 2292
5813089804 2293
5813090605 2294
5813090861 2295
5813090947 2296
5813090976 2297
5813090997 2298
5813091021 2299
5813091211 2300
5813091313 2301
5813091420 2302
5813091744 2303
5813091758 2304
5813092931 2305
5813093014 2306
5813093111 2307
5813093171 2308
5813093544 2309
5813093847 2310
5813094364 2311
5813094592 2312
5813094743 2313
5813095018 2314
5813095238 2315
5813095472 2316
5813095523 2317
5813095915 2318
5813096129 2319
5813096260 2320
5813096281 2321
5813096528 2322
5813096699 2323
5813097926 2324
5813098738 2325
5813098776 2326
5813099399 2327
5813099783 2328
5813100896 2329
5813101387 2330
5813102642 2331
5813104095 2332
5813104096 2333
5813105172 2334
5813105726 2335
5813105778 2336
5813106192 2337
5813106497 2338
5813109913 2339
5813109941 2340
5813110152 2341
5813110161 2342
5813110238 2343
5813110459 2344
5813110639 2345
5813110928 2346
5813111042 2347
5813112511 2348
5813113782 2349
5813114253 2350
5813114700 2351
5813114971 2352
5813116530 2353
5813117385 2354
5813123342 2355
5813123501 2356
5813124740 2357
5813127030 2358
5813128649 2359
5813128857 2360
5813129453 2361
5813133407 2362
5813134052 2363
581332573 2364
581336531 2365
581621335 2366
581633934 2367
581634271 2368
581678043 2369
582101022 2370
582139830 2371
582148591 2372
582355376 2373
583175492 2374
5901118896 2375
5901119177 2376
5901120254 2377
5901120279 2378
5901120450 2379
5901193485 2380
5901193671 2381
5901195498 2382
5901196446 2383
5901196925 2384
5901197726 2385
5901198074 2386
5901198345 2387
5901198538 2388
5901198547 2389
5901200337 2390
5901202076 2391
5901202102 2392
5901204896 2393
5901205545 2394
5901205770 2395
5901207528 2396
5901208278 2397
5901208549 2398
5901209758 2399
5901210064 2400
5901212541 2401
5901212906 2402
5901213440 2403
5901217787 2404
5901218930 2405
5901219465 2406
5901221274 2407
5901222910 2408
5901224561 2409
5901225361 2410
5901227104 2411
5901227537 2412
5901231246 2413
599674785 2414
600011602 2415
600356751 2416
600365719 2417
600667501 2418
600684832 2419
600689582 2420
600693904 2421
600702348 2422
600702483 2423
600965298 2424
600978553 2425
601047826 2426
601047827 2427
601047853 2428
601302278 2429
601315273 2430
601319398 2431
601323921 2432
601388689 2433
601712754 2434
601725442 2435
601725569 2436
602118253 2437
602459169 2438
602459213 2439
602459682 2440
602476655 2441
602808843 2442
602809029 2443
602999843 2444
603422422 2445
603785283 2446
604070461 2447
604368022 2448
604709727 2449
604731022 2450
605775210 2451
606090268 2452
607898830 2453
608240943 2454
608628936 2455
608891515 2456
608926849 2457
609941228 2458
610274029 2459
610274046 2460
610312734 2461
610618198 2462
610968248 2463
610981555 2464
611037750 2465
611300533 2466
611304789 2467
611305085 2468
611309194 2469
611323175 2470
611629428 2471
611646050 2472
611646132 2473
611646147 2474
611974080 2475
612323667 2476
612371421 2477
612414168 2478
612422902 2479
612440702 2480
612638791 2481
612668833 2482
612669205 2483
612703762 2484
612738462 2485
612742165 2486
612742248 2487
612755343 2488
613044611 2489
613079053 2490
613083359 2491
613083375 2492
613398716 2493
613719036 2494
613835634 2495
613847777 2496
630373425 2497
630373497 2498
630377642 2499
630381662 2500
630381893 2501
630714299 2502
630722830 2503
630722941 2504
630722975 2505
630727056 2506
630731599 2507
630748479 2508
631051012 2509
631051057 2510
631055506 2511
631059587 2512
631064055 2513
631374662 2514
631396256 2515
631396453 2516
631396532 2517
631400190 2518
631400288 2519
631400598 2520
631400622 2521
631400693 2522
631422121 2523
631422224 2524
631728731 2525
631733127 2526
631737164 2527
631737330 2528
631737380 2529
631741308 2530
631741483 2531
632013356 2532
632017828 2533
632048075 2534
632069728 2535
632069757 2536
632069851 2537
632082635 2538
632086737 2539
632091116 2540
632341464 2541
632397510 2542
632397750 2543
632397780 2544
632397786 2545
632397798 2546
632402333 2547
632734572 2548
632764978 2549
632808044 2550
633144545 2551
633148704 2552
633148716 2553
633148859 2554
633149039 2555
633149202 2556
633498748 2557
633793553 2558
634069028 2559
635062078 2560
635109166 2561
635416407 2562
636594376 2563
636789080 2564
638472166 2565
638481581 2566
638930511 2567
639452632 2568
640281116 2569
640471815 2570
640630581 2571
641157199 2572
641653381 2573
641688553 2574
641709938 2575
642335523 2576
642335553 2577
642516892 2578
642664141 2579
642680823 2580
642680826 2581
642680853 2582
642680881 2583
642680969 2584
642681035 2585
642689607 2586
642723975 2587
642732835 2588
643142863 2589
643362770 2590
643363111 2591
643501489 2592
643523134 2593
643535876 2594
643703819 2595
643739027 2596
643794320 2597
644118254 2598
644148647 2599
644148705 2600
644152981 2601
644417074 2602
644870768 2603
644896959 2604
645090294 2605
645224664 2606
660730340 2607
661076014 2608
661080007 2609
661084049 2610
661395129 2611
661399477 2612
661407917 2613
661408056 2614
661408094 2615
661421129 2616
661430106 2617
661430179 2618
661740600 2619
661740651 2620
661757811 2621
661766416 2622
662081640 2623
662081902 2624
662085486 2625
662085792 2626
662089919 2627
662094168 2628
662103124 2629
662107551 2630
662107593 2631
662409505 2632
662409582 2633
662414157 2634
662418320 2635
662452625 2636
662456848 2637
662461539 2638
662711769 2639
662728826 2640
662754991 2641
662763626 2642
662763904 2643
662767770 2644
662772373 2645
662772393 2646
662776660 2647
662789529 2648
662802782 2649
662806790 2650
662806818 2651
663044088 2652
663091787 2653
663130304 2654
663134970 2655
663432544 2656
663493162 2657
663791170 2658
663834152 2659
664141134 2660
664184060 2661
664187932 2662
664188056 2663
664188083 2664
664188108 2665
664188129 2666
664188211 2667
664511977 2668
666135689 2669
666843305 2670
666847851 2671
667189309 2672
667266529 2673
667486204 2674
667538952 2675
670651584 2676
670970540 2677
671005363 2678
672006007 2679
672352543 2680
672598344 2681
673029543 2682
673085197 2683
673366098 2684
673366263 2685
673370525 2686
673509195 2687
673702721 2688
673715784 2689
673776769 2690
674056647 2691
674056882 2692
674100160 2693
674393414 2694
674398014 2695
674519060 2696
674738872 2697
674807824 2698
675144948 2699
675451588 2700
675468771 2701
675528661 2702
675602461 2703
675763039 2704
676263239 2705
676612729 2706
676616719 2707
691760950 2708
692093440 2709
692110379 2710
692119287 2711
692430198 2712
692434135 2713
692775807 2714
692775814 2715
692792746 2716
692810011 2717
692818786 2718
692818802 2719
693034103 2720
693099031 2721
693099064 2722
693099102 2723
693099142 2724
693112035 2725
693116214 2726
693116396 2727
693121000 2728
693125004 2729
693125078 2730
693133603 2731
693159855 2732
693448777 2733
693453332 2734
693479072 2735
693483018 2736
693487880 2737
693500431 2738
693500652 2739
693785353 2740
693785371 2741
693785633 2742
693785740 2743
693785780 2744
693790141 2745
693794431 2746
693837780 2747
693841887 2748
693841929 2749
693846112 2750
693927941 2751
694126781 2752
694126800 2753
694139687 2754
694147949 2755
694160985 2756
694174226 2757
694524222 2758
694834412 2759
694839156 2760
694847240 2761
694847248 2762
695124651 2763
695862470 2764
696082279 2765
696540624 2766
696829800 2767
696850811 2768
696881909 2769
697132371 2770
697485362 2771
697886966 2772
698508565 2773
698970725 2774
699031185 2775
700321894 2776
701923413 2777
702692200 2778
702704906 2779
703387200 2780
704409534 2781
704409742 2782
704466265 2783
704742082 2784
704746449 2785
704746457 2786
704750475 2787
704750665 2788
704750673 2789
704750742 2790
704750766 2791
704750842 2792
704759205 2793
704816317 2794
705082892 2795
705091521 2796
705091769 2797
705091939 2798
705432638 2799
705432922 2800
705462899 2801
705774051 2802
706819341 2803
706840303 2804
707647321 2805
707660374 2806
7112624728 2807
7112625241 2808
7112625242 2809
7112625255 2810
7112625445 2811
7112626196 2812
722450065 2813
722463321 2814
722467632 2815
722467714 2816
722471778 2817
722471825 2818
722817260 2819
722821616 2820
723123991 2821
723128414 2822
723153828 2823
723158245 2824
723167312 2825
723469488 2826
723495119 2827
723508068 2828
723508086 2829
723508095 2830
723508162 2831
723810015 2832
723848801 2833
723849351 2834
723853340 2835
724133866 2836
724134138 2837
724134170 2838
724138359 2839
724142845 2840
724151343 2841
724449040 2842
724488194 2843
724488362 2844
724522447 2845
724531411 2846
724763999 2847
724816115 2848
724816217 2849
724820565 2850
724820813 2851
724825187 2852
724829211 2853
724841759 2854
724867606 2855
724867917 2856
724876683 2857
724885340 2858
725174424 2859
725200110 2860
725217343 2861
725860918 2862
726207450 2863
726551439 2864
727472481 2865
729219639 2866
729867599 2867
729957687 2868
730562988 2869
731071789 2870
731689147 2871
732038980 2872
733036127 2873
733316908 2874
733458828 2875
733796382 2876
733920949 2877
734944881 2878
735112319 2879
735134301 2880
735282133 2881
735470654 2882
735600320 2883
735785459 2884
735785541 2885
735785583 2886
735785639 2887
735785741 2888
735790008 2889
735941254 2890
736117977 2891
736122569 2892
736126563 2893
736126644 2894
736126668 2895
736126717 2896
736126732 2897
736126746 2898
736173896 2899
736463614 2900
736467526 2901
736467640 2902
736808522 2903
736808904 2904
736813212 2905
737149820 2906
737149964 2907
737150041 2908
737167616 2909
737491062 2910
738155917 2911
738531654 2912
739572008 2913
753485486 2914
753489735 2915
753489892 2916
753489951 2917
753506746 2918
753839564 2919
753847960 2920
753852265 2921
753852396 2922
753852432 2923
754150161 2924
754154720 2925
754163207 2926
754184667 2927
754188911 2928
754188980 2929
754197850 2930
754202022 2931
754206396 2932
754473844 2933
754486618 2934
754491144 2935
754525744 2936
754534424 2937
754538763 2938
754538881 2939
754542738 2940
754547386 2941
754832123 2942
754854077 2943
754870859 2944
754879354 2945
754883860 2946
754884149 2947
754893183 2948
755173189 2949
755173211 2950
755177787 2951
755177942 2952
755224854 2953
755229523 2954
755234235 2955
755518957 2956
755527664 2957
755544921 2958
755851102 2959
755868550 2960
755898463 2961
756196285 2962
756196541 2963
756502912 2964
756567539 2965
756585129 2966
756601858 2967
756870190 2968
756904685 2969
759810119 2970
759960572 2971
760570054 2972
760690116 2973
761938645 2974
762982753 2975
763730414 2976
765457262 2977
766298734 2978
766476379 2979
766493391 2980
766820559 2981
766838498 2982
767161652 2983
767161677 2984
767174553 2985
767473384 2986
767494105 2987
767502579 2988
767502627 2989
767502639 2990
767502657 2991
767502667 2992
767671354 2993
767852204 2994
767878191 2995
768184496 2996
768184604 2997
768184623 2998
768188877 2999
768525593 3000
768525608 3001
768525647 3002
768555687 3003
768884949 3004
769018494 3005
769721865 3006
770692923 3007
784204967 3008
784533172 3009
784541732 3010
784541854 3011
784844007 3012
784844107 3013
784844112 3014
784844115 3015
784848362 3016
784848513 3017
784882707 3018
784895866 3019
785189156 3020
785189253 3021
785198372 3022
785232629 3023
785232649 3024
785456671 3025
785521487 3026
785521517 3027
785525736 3028
785525842 3029
785573850 3030
785582643 3031
785888696 3032
785914742 3033
785918827 3034
785918963 3035
786221078 3036
786260089 3037
786273199 3038
786929029 3039
787227302 3040
787564556 3041
787572767 3042
787637263 3043
787908929 3044
787909611 3045
788306624 3046
788306724 3047
788648194 3048
789934899 3049
790305346 3050
790922968 3051
791298858 3052
792019471 3053
792023887 3054
792040520 3055
792368888 3056
792692885 3057
794963206 3058
795814655 3059
796431821 3060
796836697 3061
797187575 3062
797514653 3063
797687628 3064
797855394 3065
798027992 3066
798192091 3067
798192115 3068
798192162 3069
798196366 3070
798196389 3071
798196454 3072
798196461 3073
798356481 3074
798528850 3075
798533259 3076
798537392 3077
798537456 3078
798537538 3079
798537580 3080
798537638 3081
798537701 3082
798585556 3083
798693540 3084
798869986 3085
798874090 3086
798892246 3087
798908816 3088
799215269 3089
799219511 3090
799219795 3091
799362484 3092
799560834 3093
799578347 3094
799586652 3095
799901370 3096
799906141 3097
799919294 3098
800264315 3099
800622401 3100
800743420 3101
815222743 3102
815240159 3103
815568065 3104
815580911 3105
815585355 3106
815598761 3107
815909099 3108
815921891 3109
815922095 3110
815922112 3111
815926323 3112
815926332 3113
815926346 3114
815930761 3115
816219578 3116
816219622 3117
816219675 3118
816254592 3119
816263443 3120
816276055 3121
816276925 3122
816613438 3123
816962833 3124
817294806 3125
817299301 3126
817307776 3127
817985849 3128
817993932 3129
817993980 3130
818637585 3131
818983130 3132
819013231 3133
820662203 3134
821003563 3135
822004733 3136
822009511 3137
822687493 3138
822708945 3139
829015629 3140
829231385 3141
829231457 3142
829235909 3143
829261936 3144
829279239 3145
829379400 3146
829568160 3147
829572252 3148
829572451 3149
829572494 3150
829572544 3151
829593966 3152
829598814 3153
829939688 3154
830276571 3155
830419511 3156
830586919 3157
830634936 3158
831273286 3159
831295271 3160
834044577 3161
846270628 3162
846602958 3163
846611449 3164
846611908 3165
846616006 3166
846616159 3167
846620223 3168
846620287 3169
846952407 3170
846952683 3171
847250148 3172
847254513 3173
847254536 3174
847254566 3175
847254581 3176
847276625 3177
847293869 3178
847297956 3179
847297982 3180
847302850 3181
847320165 3182
847595544 3183
847595624 3184
847989021 3185
848287126 3186
848299650 3187
848316930 3188
848321392 3189
848330091 3190
848334569 3191
848662421 3192
848662441 3193
848666732 3194
848666776 3195
848692583 3196
849370246 3197
849370258 3198
849650764 3199
849685478 3200
849707224 3201
849992080 3202
850375847 3203
850388928 3204
851459972 3205
852724544 3206
852751415 3207
853717974 3208
858725815 3209
858937324 3210
859265651 3211
859618655 3212
859735285 3213
859765252 3214
859925004 3215
860257495 3216
860261985 3217
860265987 3218
860266014 3219
860266062 3220
860266123 3221
860266309 3222
860266346 3223
860266377 3224
860266404 3225
860603005 3226
860607168 3227
860607367 3228
860607450 3229
860607455 3230
860607480 3231
860607503 3232
860944055 3233
860983686 3234
861280857 3235
861285145 3236
861630613 3237
861634934 3238
861665641 3239
862312670 3240
862671913 3241
862705904 3242
877313996 3243
877318574 3244
877659583 3245
877659673 3246
877974490 3247
877982991 3248
877987539 3249
877987901 3250
877992236 3251
877992303 3252
878324222 3253
878324438 3254
878333234 3255
878333333 3256
878337317 3257
878346778 3258
878652627 3259
878670047 3260
878687095 3261
878691744 3262
879023901 3263
879032295 3264
880055173 3265
880055625 3266
880383629 3267
880404940 3268
880409455 3269
881005404 3270
881057369 3271
882062667 3272
883414342 3273
887105351 3274
890118683 3275
890614937 3276
891301236 3277
891301315 3278
891629070 3279
891637860 3280
891642176 3281
891642215 3282
891642281 3283
891642345 3284
891978843 3285
892385258 3286
893149866 3287
893158121 3288
893338749 3289
893347461 3290
893688605 3291
893710296 3292
893805187 3293
894020730 3294
894551935 3295
895441451 3296
908340253 3297
908353540 3298
908668340 3299
908668522 3300
908668556 3301
908685688 3302
908685859 3303
908689934 3304
908690107 3305
908699052 3306
909026561 3307
909026992 3308
909030970 3309
909368173 3310
909372586 3311
909372602 3312
909372616 3313
909704857 3314
909713374 3315
909717461 3316
909730907 3317
909730911 3318
910063154 3319
910063307 3320
910386568 3321
910395181 3322
910395212 3323
910404284 3324
910412830 3325
911094343 3326
911332304 3327
911400981 3328
911409576 3329
911755444 3330
911759695 3331
912601209 3332
912951014 3333
915605943 3334
917450071 3335
922354084 3336
922677093 3337
922677121 3338
923013923 3339
923018247 3340
923018290 3341
923027316 3342
923359312 3343
923385340 3344
923700162 3345
923726321 3346
923869685 3347
924049792 3348
924429714 3349
924723528 3350
924737391 3351
925799233 3352
939030036 3353
939729237 3354
939729706 3355
939733452 3356
939733918 3357
939734122 3358
939734266 3359
939738364 3360
939738376 3361
939738399 3362
939738424 3363
939738473 3364
939738477 3365
939742503 3366
939742609 3367
940070913 3368
940075056 3369
940075464 3370
940079170 3371
940079253 3372
940079513 3373
940079568 3374
940079657 3375
940079771 3376
940083749 3377
940084011 3378
940084060 3379
940084095 3380
940084152 3381
940087822 3382
940420292 3383
940425106 3384
940425171 3385
940425232 3386
940748411 3387
940752707 3388
940757398 3389
940761352 3390
941102504 3391
941111195 3392
942763927 3393
942777202 3394
943118619 3395
943126891 3396
943809606 3397
943822621 3398
945311344 3399
945820710 3400
946495259 3401
952723817 3402
952724101 3403
953029783 3404
953410147 3405
953712141 3406
953755666 3407
954053018 3408
954053251 3409
954053261 3410
954222134 3411
954528474 3412
954730964 3413
955464899 3414
955591114 3415
956138930 3416
970772961 3417
970777114 3418
970777224 3419
971113967 3420
971118202 3421
971118588 3422
971118724 3423
971459227 3424
971770003 3425
972080542 3426
972128731 3427
972461072 3428
972810838 3429
973116931 3430
973146958 3431
973151229 3432
973470796 3433
973488234 3434
973816592 3435
974498400 3436
974498428 3437
974498485 3438
974498492 3439
974507006 3440
974839683 3441
974843875 3442
974843892 3443
975197713 3444
975518615 3445
980982986 3446
983759126 3447
984405805 3448
984449267 3449
984453829 3450
984536209 3451
984746802 3452
985429128 3453
985498292 3454
985826737 3455
986793149 3456
986828383 3457
987273073 3458
987997896 3459
988852391 3460
