1003215282 1
1005952640 2
1006928515 3
1007260806 4
1007644534 5
1008024276 6
1008059095 7
1008085163 8
1008102479 9
1008369339 10
1008369816 11
1008391068 12
1008693462 13
1008693605 14
1008966615 15
1008970563 16
1009371535 17
1009375497 18
1009578838 19
1010044978 20
1010235132 21
1010437434 22
1011378821 23
1011482740 24
1011970102 25
1012501094 26
1013040388 27
1013066710 28
1013113953 29
1013192311 30
1013231419 31
1013416147 32
1013559132 33
1013757060 34
1013779115 35
1013900655 36
1013904076 37
1013917402 38
1013917689 39
1014102651 40
1014107332 41
1014206712 42
1014223948 43
1014254079 44
1014258902 45
1014457195 46
1014461486 47
1014465452 48
1014465588 49
1014465666 50
1014474192 51
1014802430 52
1014824204 53
1014936626 54
1014936705 55
1015143077 56
1015458774 57
1015479949 58
1017547830 59
1017617049 60
1017880794 61
1018001359 62
1018009357 63
1018299346 64
1018351299 65
1018683334 66
1018691961 67
1019016133 68
1019019561 69
1019214774 70
1019270475 71
1019270934 72
1019357327 73
1019658582 74
1020608033 75
1020608279 76
1020625448 77
1033192275 78
1035393986 79
1036257907 80
1036503560 81
1036637830 82
1036646944 83
1036987921 84
1037337131 85
1037612992 86
1039063931 87
1039068185 88
1039076835 89
1039085109 90
1039093891 91
1039392337 92
1039400328 93
1039400642 94
1039426238 95
1039685005 96
1039754434 97
1039767525 98
1039775880 99
1040056887 100
1040143477 101
1040488118 102
1041071176 103
1041075688 104
1041139886 105
1041666949 106
1041865696 107
1042116109 108
1042366365 109
1042547516 110
1042724993 111
1044459902 112
1044590094 113
1044796706 114
1044800536 115
1044805646 116
1044918145 117
1044935195 118
1045141938 119
1045240981 120
1045254699 121
1045262699 122
1045263640 123
1045268099 124
1045289401 125
1045452897 126
1045513736 127
1045634052 128
1045915290 129
1045949747 130
1046506683 131
1048250312 132
1048289014 133
1048609058 134
1048647522 135
1048975307 136
1049247113 137
1049261193 138
1049571474 139
1049674502 140
1049946735 141
1050016388 142
1050249353 143
1050378689 144
1050581215 145
1050922195 146
1050935614 147
1050991297 148
1051980223 149
1065284812 150
1066516552 151
1068086967 152
1068436695 153
1068777508 154
1069002537 155
1070102614 156
1070102684 157
1070103072 158
1070103331 159
1070111661 160
1070141508 161
1070422316 162
1070651567 163
1071121755 164
1071183464 165
1071496918 166
1071519343 167
1071550972 168
1071760480 169
1071769518 170
1072063538 171
1072166282 172
1072455791 173
1072503099 174
1072507501 175
1072533704 176
1072533980 177
1072560694 178
1072779298 179
1072779568 180
1072818198 181
1072874511 182
1073069488 183
1073314797 184
1075598224 185
1075611602 186
1076168044 187
1076173414 188
1076185604 189
1076198559 190
1076280963 191
1076285102 192
1076600127 193
1076605004 194
1076841388 195
1076941351 196
1077623100 197
1077683507 198
1078650886 199
1078956785 200
1078978823 201
1079660882 202
1079687209 203
1080036886 204
1080403122 205
1080705988 206
1081733696 207
1081957306 208
1098737385 209
1099043553 210
1099389583 211
1100085251 212
1100801188 213
1101142083 214
1101142279 215
1101474458 216
1101487727 217
1101845661 218
1102191395 219
1102795781 220
1102804327 221
1103577592 222
1104155212 223
1104595988 224
1104790425 225
1106659945 226
1106888382 227
1106944058 228
1107014300 229
1107332454 230
1107345646 231
1107561814 232
1107566171 233
1107566252 234
1107687396 235
1108222244 236
1108382316 237
1109314712 238
1109651526 239
1110013793 240
1111054438 241
1111373660 242
1111439269 243
1111757266 244
1111762690 245
1112024879 246
1112099400 247
1112431072 248
1112436285 249
1112443807 250
1112474319 251
1112777131 252
1113354860 253
1129772186 254
1130783454 255
1131836336 256
1132168616 257
1132168736 258
1132176882 259
1132406255 260
1133562752 261
1133839128 262
1133925083 263
1134140939 264
1134146373 265
1134849005 266
1134849078 267
1135294306 268
1135311328 269
1135881013 270
1135898324 271
1135941181 272
1135941581 273
1135984965 274
1136248041 275
1136252170 276
1136545839 277
1136852640 278
1136852717 279
1137590955 280
1137862716 281
1138026774 282
1138212774 283
1138390149 284
1138587910 285
1138627253 286
1138730002 287
1138739329 288
1138915459 289
1139079537 290
1139079982 291
1139909038 292
1140923511 293
1141390032 294
1141713514 295
1143167974 296
1143496395 297
1143790253 298
1143807196 299
1143820325 300
1144756508 301
1144761556 302
1158402729 303
1158691908 304
1160073701 305
1161459105 306
1162534149 307
1162862710 308
1162944117 309
1163190900 310
1163194940 311
1163199311 312
1163228703 313
1163552692 314
1164187272 315
1164196230 316
1164503211 317
1164545788 318
1164882751 319
1165305889 320
1166592256 321
1166674437 322
1166890100 323
1167235473 324
1167235720 325
1168915489 326
1169415167 327
1169420945 328
1169954704 329
1170352367 330
1170645699 331
1172031461 332
1173029301 333
1173823639 334
1175433492 335
1190763066 336
1192921725 337
1192922295 338
1193258702 339
1193599804 340
1193599901 341
1195891557 342
1195999722 343
1196573432 344
1196573821 345
1196854070 346
1198049989 347
1199327859 348
1200014419 349
1200108914 350
1200445927 351
1200451678 352
1200458936 353
1200554295 354
1200619473 355
1201659335 356
1202677966 357
1204063702 358
1220412108 359
1220434040 360
1220873910 361
1222187110 362
1223274640 363
1223388206 364
1223611056 365
1223848354 366
1224293669 367
1224523027 368
1224591253 369
1225553531 370
1226206190 371
1230004532 372
1230095228 373
1231044615 374
1231481760 375
1231679666 376
1232038141 377
1232041867 378
1232163708 379
1232171890 380
1232369902 381
1233470705 382
1236557691 383
1236558378 384
1236864438 385
1236890620 386
1237179690 387
1254331599 388
1254340597 389
1257629175 390
1260011966 391
1260197431 392
1260197510 393
1260542968 394
1260883995 395
1261129711 396
1262170241 397
1262360335 398
1263404948 399
1263646693 400
1283173461 401
1284265487 402
1284312505 403
1285343852 404
1288953551 405
1289359184 406
1290990807 407
1291142212 408
1291374677 409
1292027772 410
1292083252 411
1293892027 412
1293896036 413
1293900805 414
1294102958 415
1294237356 416
1294237693 417
1295260974 418
1295855722 419
1298985697 420
1300276335 421
1311487571 422
1312169753 423
1313849992 424
1315299801 425
1315308460 426
1316245799 427
1317074822 428
1317397643 429
1319134018 430
1320480289 431
1320825799 432
1321710747 433
1322051647 434
1323221783 435
1323454861 436
1324581060 437
1325133618 438
1325138101 439
1325138116 440
1325405571 441
1325479712 442
1325618370 443
1326157533 444
1330008281 445
1331311183 446
1343891368 447
1344275238 448
1345061120 449
1345596879 450
1345972395 451
1347047200 452
1347642883 453
1351065769 454
1351869732 455
1353043462 456
1354619186 457
1355961919 458
1356173442 459
1356988874 460
1357192528 461
1361668991 462
1362674294 463
1374649768 464
1375081179 465
1378251040 466
1378440243 467
1384971580 468
1386659953 469
1386996608 470
1387342451 471
1387527359 472
1387687146 473
1387868622 474
1387881882 475
1388223120 476
1388227743 477
1391749643 478
1392073423 479
1406362611 480
1406703818 481
1407139453 482
1407398468 483
1407783264 484
1408828544 485
1409475218 486
1410516394 487
1415829386 488
1417694673 489
1418022622 490
1418031957 491
1418036641 492
1418572258 493
1418920942 494
1418924735 495
1419909152 496
1419927105 497
1437682133 498
1438515327 499
1439155296 500
1439754917 501
1440462865 502
1444351896 503
1446527869 504
1448393050 505
1448397185 506
1448587188 507
1448591766 508
1448794542 509
1448929584 510
1448936559 511
1449606569 512
1449611593 513
1449767243 514
1449770852 515
1449947649 516
1450016008 517
1450452869 518
1450634305 519
1455438367 520
1465630554 521
1470065021 522
1470211142 523
1471497788 524
1472223364 525
1478417729 526
1479618250 527
1479764976 528
1480451341 529
1480452227 530
1480653743 531
1480783818 532
1480788315 533
1480982992 534
1481340761 535
1482169859 536
1482351119 537
1482777384 538
1484858743 539
1485786914 540
1486123650 541
1498379140 542
1500917990 543
1501820626 544
1502532423 545
1502567833 546
1504207129 547
1506382974 548
1507933560 549
1509780541 550
1510303733 551
1510648834 552
1510791229 553
1510800692 554
1510809350 555
1511016097 556
1511132601 557
1511136598 558
1511818297 559
1511822719 560
1512029563 561
1512034076 562
1512163781 563
1512173180 564
1512178490 565
1512707390 566
1512845419 567
1512864182 568
1513541590 569
1513886210 570
1514076455 571
1514775604 572
1533226802 573
1533239844 574
1533481571 575
1533542078 576
1533567270 577
1534270924 578
1534279727 579
1534721340 580
1534850246 581
1535791554 582
1540146302 583
1540828719 584
1541338954 585
1542167276 586
1543138040 587
1543216060 588
1543536216 589
1543876280 590
1543893825 591
1543949467 592
1544554625 593
1545581861 594
1546155976 595
1562914723 596
1564157830 597
1564628545 598
1565285353 599
1565608898 600
1566354821 601
1570111396 602
1570922129 603
1571708235 604
1571850419 605
1572507044 606
1572744091 607
1573206643 608
1573547431 609
1573564384 610
1574164489 611
1574561993 612
1575261751 613
1575274210 614
1594882312 615
1596004773 616
1596017575 617
1596026014 618
1597287219 619
1598011458 620
1600334745 621
1600489166 622
1604223824 623
1605181883 624
1605264477 625
1605269126 626
1605471724 627
1605613642 628
1605842920 629
1605964002 630
1605967994 631
1605968116 632
1607306225 633
1607311027 634
1623262447 635
1625978349 636
1628062270 637
1628778800 638
1629383757 639
1632016438 640
1632055020 641
1633078450 642
1634576959 643
1635604527 644
1637171546 645
1637512099 646
1637659434 647
1638004448 648
1638561518 649
1638897627 650
1656683728 651
1657021094 652
1659469073 653
1659753362 654
1660479237 655
1662577597 656
1665288471 657
1666298123 658
1666561406 659
1667670896 660
1669255212 661
1671952694 662
1686717182 663
1688039474 664
1688409902 665
1692782686 666
1693128174 667
1695658775 668
1696897255 669
1697674379 670
1698355976 671
1698365439 672
1698732125 673
1699059948 674
1716082078 675
1719436402 676
1719746297 677
1719764109 678
1719953914 679
1721857844 680
1722156238 681
1722164148 682
1722185618 683
1728942250 684
1730444083 685
1733370882 686
1748071079 687
1748092323 688
1748666238 689
1750816348 690
1752888162 691
1753523046 692
1753527805 693
1753535481 694
1753583826 695
1753928986 696
1753929139 697
1753937641 698
1754213254 699
1754287477 700
1754632296 701
1754632862 702
1757612027 703
1757680347 704
1758962229 705
1784876854 706
1784891294 707
1785581836 708
1785663167 709
1785931916 710
1786273098 711
1787014158 712
1787636059 713
1787692504 714
1788391644 715
1788654858 716
1789773384 717
1791996293 718
1811163357 719
1811163598 720
1811492235 721
1812493277 722
1812510378 723
1812515382 724
1814604278 725
1815929980 726
1815934776 727
1816007424 728
1816343720 729
1816343804 730
1816611349 731
1816620233 732
1816621089 733
1817065460 734
1817307538 735
1817712927 736
1817998046 737
1819698673 738
1820005073 739
1822686129 740
1841174731 741
1843536369 742
1844249219 743
1847715657 744
1848000962 745
1848666581 746
1850387882 747
1874947561 748
1875284107 749
1877667406 750
1877749121 751
1878354046 752
1878354441 753
1879018709 754
1879385017 755
1879441497 756
1882009576 757
1883042152 758
1905977495 759
1906663903 760
1910066090 761
1910070652 762
1910407468 763
1911438496 764
1911775733 765
1914460817 766
1916485259 767
1933892078 768
1937003721 769
1939050870 770
1940419606 771
1940487507 772
1942438892 773
1942452957 774
1942806972 775
1943147567 776
1967353179 777
1968721678 778
1970439129 779
1971462092 780
1971873182 781
1972204686 782
1972204945 783
1972477099 784
1973573403 785
1973585861 786
1974181774 787
1997377784 788
1999751538 789
2000861538 790
2002147259 791
2002830391 792
2002837964 793
2002838841 794
2003175684 795
2003495133 796
2003862685 797
2004198088 798
2004544173 799
2008571631 800
2033865410 801
2033872849 802
2033873422 803
2034213892 804
2034477252 805
2034550982 806
2034555457 807
2035229272 808
2035229936 809
2035238470 810
2035574498 811
2035642776 812
2035643041 813
2035647468 814
2035652117 815
2035652138 816
2035906864 817
2035989132 818
2036244317 819
204958872 820
2064225833 821
2065244716 822
2065577319 823
2066588633 824
2066605141 825
2066605922 826
2066687168 827
2066946900 828
2066950172 829
2067265009 830
2067265677 831
2067597984 832
2067847820 833
2092873489 834
2096272398 835
2096283582 836
2096966671 837
2097303136 838
2097639393 839
2098321419 840
2098408511 841
2098995259 842
2123541376 843
2123883176 844
2127659983 845
2127997003 846
2130038437 847
2131023294 848
2147677469 849
2157327176 850
2157327321 851
2158682340 852
2159714246 853
2159718465 854
2186293111 855
2187325736 856
2187675035 857
2187680237 858
2187683348 859
2188356978 860
2188361816 861
2188361989 862
2190382236 863
2190745188 864
2192108884 865
2192453806 866
2216261919 867
2217669773 868
2219046255 869
2219046487 870
2221779613 871
2223144438 872
2223148195 873
2223477154 874
2249741022 875
2250418423 876
2250422894 877
2250754651 878
2251437875 879
2251778373 880
2253833921 881
2254523290 882
2280788907 883
2282480586 884
2282485535 885
2283158828 886
2283166650 887
2283166821 888
2283171130 889
2283504379 890
2284186501 891
2285209141 892
2311456176 893
2312828760 894
2313528908 895
2313853267 896
2314538529 897
2315553068 898
2315553917 899
2315898572 900
2316252268 901
2316252927 902
2343199299 903
2343523062 904
2343864445 905
2344887829 906
2345914819 907
234630133 908
2347274239 909
2373885250 910
2377972598 911
2409016548 912
263674097 913
266187383 914
266187480 915
266187559 916
267214250 917
267223104 918
267551639 919
267564140 920
267896360 921
296199021 922
296203324 923
296203325 924
296203392 925
296203434 926
296203440 927
296531366 928
296535619 929
296535655 930
296855409 931
296859399 932
296885362 933
297217528 934
297230760 935
297563139 936
297580589 937
297584869 938
297588995 939
297908595 940
297917277 941
297917363 942
297917364 943
297917459 944
297917475 945
297921608 946
297925487 947
297925526 948
297925608 949
297925628 950
297929807 951
297929902 952
297929935 953
297930068 954
297934349 955
297938585 956
297947227 957
298241038 958
298254474 959
298254517 960
298258354 961
298258399 962
298258513 963
298258530 964
298258611 965
298258737 966
298262357 967
298262408 968
298262442 969
298262488 970
298262498 971
298262599 972
298262663 973
298266660 974
298266783 975
298266903 976
298267069 977
298595196 978
298599269 979
298599271 980
298599664 981
298603633 982
298603693 983
298603730 984
298607673 985
298612190 986
298927362 987
298944444 988
298944479 989
298952944 990
298957166 991
299289811 992
299290105 993
299604862 994
299617529 995
299760154 996
324721026 997
324725187 998
325743813 999
326253554 1000
326474963 1001
326879917 1002
326884223 1003
326884331 1004
326888609 1005
326888627 1006
326888675 1007
326892322 1008
327587644 1009
327588074 1010
327588446 1011
327881747 1012
327933008 1013
327933027 1014
327933061 1015
327937506 1016
328010530 1017
328244591 1018
328265389 1019
328274638 1020
328278449 1021
328373131 1022
328533761 1023
328611654 1024
328935472 1025
328939480 1026
328943204 1027
329098346 1028
329225149 1029
329301513 1030
329301762 1031
329310230 1032
329566174 1033
329566197 1034
329638509 1035
329646990 1036
329970706 1037
329983926 1038
329988112 1039
330316013 1040
330319983 1041
330320065 1042
330415332 1043
330640044 1044
330661529 1045
330678844 1046
331343089 1047
355077858 1048
356429209 1049
356878521 1050
357250238 1051
357573154 1052
357581846 1053
357599074 1054
358264919 1055
358639742 1056
358725902 1057
358847551 1058
359292188 1059
359317340 1060
359744514 1061
359931311 1062
360138182 1063
360268385 1064
360310976 1065
360349882 1066
360474485 1067
360591860 1068
360677632 1069
360690414 1070
360768001 1071
360768754 1072
360773196 1073
361005850 1074
361031397 1075
361040812 1076
361114148 1077
361312808 1078
361341837 1079
361363973 1080
361364000 1081
361376643 1082
361445621 1083
361700674 1084
361722354 1085
361787030 1086
361825416 1087
362299997 1088
362719326 1089
362862047 1090
362866879 1091
386280932 1092
386833850 1093
386877197 1094
387568523 1095
387939094 1096
387952104 1097
388267095 1098
388280249 1099
388293131 1100
389311717 1101
389808550 1102
390003153 1103
390330983 1104
390331214 1105
390352384 1106
390473497 1107
390486371 1108
390590450 1109
390818643 1110
391016873 1111
391021712 1112
391362634 1113
391497219 1114
391610069 1115
391803510 1116
391971839 1117
392144053 1118
392144191 1119
392389970 1120
392399005 1121
392757094 1122
392821837 1123
392822059 1124
393063351 1125
393163308 1126
393210919 1127
393215059 1128
393499533 1129
393776005 1130
393883499 1131
394095053 1132
416876055 1133
417221397 1134
417558532 1135
417908800 1136
418175238 1137
418503161 1138
418607079 1139
418607328 1140
418607477 1141
418969956 1142
418970154 1143
418987009 1144
419345606 1145
419466429 1146
419639583 1147
420010739 1148
420325753 1149
420351087 1150
420351828 1151
420586101 1152
420666689 1153
420688062 1154
420688241 1155
420696828 1156
420723066 1157
421041565 1158
421055181 1159
421405157 1160
421815053 1161
422056477 1162
422056521 1163
422419397 1164
422622063 1165
422738252 1166
422742649 1167
422751191 1168
422997837 1169
423096449 1170
423101189 1171
423175166 1172
423178587 1173
423213589 1174
423748579 1175
423749262 1176
423792217 1177
424193116 1178
424193645 1179
424193880 1180
424250610 1181
424434994 1182
424443911 1183
424452682 1184
424582092 1185
424792976 1186
424793122 1187
424918786 1188
424923616 1189
425104178 1190
425143700 1191
425148091 1192
425471220 1193
447599745 1194
447872055 1195
448342846 1196
448869118 1197
449205588 1198
449244969 1199
449288517 1200
449296930 1201
449685778 1202
450034902 1203
450807268 1204
451049385 1205
451054039 1206
451062462 1207
451148838 1208
451365099 1209
451390676 1210
451485030 1211
451662040 1212
451722668 1213
451827049 1214
451995306 1215
451995734 1216
452340995 1217
452401052 1218
452552124 1219
452689494 1220
452771913 1221
452841244 1222
452883920 1223
453108601 1224
453130054 1225
453457927 1226
453527730 1227
453535678 1228
453536107 1229
453536432 1230
453877296 1231
453877678 1232
454477603 1233
454481372 1234
454589286 1235
454787848 1236
454822542 1237
454896445 1238
454935401 1239
455155337 1240
455159380 1241
455229034 1242
455232361 1243
455280366 1244
455500416 1245
455513316 1246
455578166 1247
455958341 1248
456187010 1249
456506289 1250
456523994 1251
456833888 1252
456847092 1253
456847100 1254
456942698 1255
457520516 1256
478591447 1257
479260891 1258
479637825 1259
479908320 1260
480029788 1261
480258208 1262
480328501 1263
480387478 1264
480521586 1265
480681197 1266
480854134 1267
480987689 1268
481035392 1269
481070027 1270
481190355 1271
481191030 1272
481295335 1273
481359062 1274
481371769 1275
481390070 1276
481394217 1277
481406868 1278
481731074 1279
481747302 1280
482002172 1281
482417237 1282
482524464 1283
482732443 1284
482861459 1285
483017681 1286
483720758 1287
483797945 1288
484130600 1289
484134987 1290
484147730 1291
484368420 1292
484735637 1293
484821546 1294
484825371 1295
484829654 1296
484890037 1297
484911881 1298
484911954 1299
484942773 1300
485171425 1301
485249150 1302
485511772 1303
485585976 1304
485589846 1305
485628489 1306
485745069 1307
485930943 1308
485934965 1309
485935465 1310
486185442 1311
486255488 1312
486315287 1313
486518323 1314
486544396 1315
486842208 1316
486876782 1317
486958913 1318
486988663 1319
486994024 1320
487187476 1321
487212916 1322
487286529 1323
487541595 1324
487623337 1325
487882168 1326
487882906 1327
487899426 1328
487925063 1329
487968933 1330
488011955 1331
488231898 1332
488231939 1333
488572496 1334
488581156 1335
488922181 1336
489375496 1337
508689623 1338
509924185 1339
509928946 1340
509945954 1341
510049477 1342
510278853 1343
510676580 1344
510680365 1345
511660697 1346
511685969 1347
511772101 1348
512014262 1349
512212110 1350
512411244 1351
512765816 1352
512774096 1353
512787296 1354
513344531 1355
513668146 1356
513681077 1357
514043443 1358
514068564 1359
514116545 1360
514271457 1361
514474716 1362
514474879 1363
514475106 1364
514613165 1365
514708179 1366
514807275 1367
514816333 1368
514833145 1369
514842241 1370
514850616 1371
515092013 1372
515152792 1373
515251693 1374
515524209 1375
515588291 1376
515601611 1377
515869245 1378
515947322 1379
515947324 1380
516163285 1381
516283789 1382
516287961 1383
516288120 1384
516288489 1385
516551382 1386
516625009 1387
516780722 1388
516806504 1389
516844782 1390
516961682 1391
516965856 1392
516970679 1393
517242832 1394
517280671 1395
517578770 1396
517587356 1397
517647609 1398
517838657 1399
517872280 1400
517910959 1401
517915796 1402
517916020 1403
517993553 1404
518028678 1405
518217691 1406
518269350 1407
518325503 1408
518558825 1409
518576422 1410
518580489 1411
518598175 1412
518666806 1413
518670779 1414
518861029 1415
518925962 1416
518930199 1417
518934633 1418
519004170 1419
519017153 1420
519046655 1421
519354028 1422
519387893 1423
519616809 1424
519694628 1425
520617773 1426
540972196 1427
541011631 1428
541192496 1429
541697718 1430
542376096 1431
542410481 1432
542691005 1433
542699260 1434
543049093 1435
543062097 1436
543092817 1437
543135607 1438
543238468 1439
543256347 1440
543260688 1441
543412036 1442
543433461 1443
543808842 1444
543821838 1445
543925418 1446
544037996 1447
544038123 1448
544158940 1449
544262033 1450
544262349 1451
544265891 1452
544265926 1453
544599014 1454
544611593 1455
544620289 1456
544706811 1457
544931723 1458
544948071 1459
545289059 1460
545293653 1461
545444996 1462
545501062 1463
545510060 1464
545535468 1465
545617609 1466
545621581 1467
545625824 1468
545625900 1469
545626238 1470
545631081 1471
545635037 1472
545639210 1473
545639454 1474
545903200 1475
545906392 1476
545962610 1477
545962750 1478
545966796 1479
545966857 1480
545967081 1481
545967423 1482
545971070 1483
545971196 1484
545971266 1485
545971650 1486
545971748 1487
545975516 1488
545975741 1489
545984286 1490
546080131 1491
546196205 1492
546217818 1493
546287086 1494
546303574 1495
546303624 1496
546303917 1497
546307807 1498
546308189 1499
546312597 1500
546316417 1501
546316427 1502
546325745 1503
546559025 1504
546641039 1505
546645399 1506
546661879 1507
546661881 1508
546661963 1509
546977514 1510
546990758 1511
546994830 1512
547002880 1513
547158593 1514
547227734 1515
547240545 1516
547258283 1517
547310321 1518
547318128 1519
547318754 1520
547331291 1521
547344214 1522
547551580 1523
547552266 1524
547565159 1525
547612423 1526
547659321 1527
547659598 1528
547672057 1529
547680631 1530
547927681 1531
548017405 1532
548049064 1533
548225503 1534
548367306 1535
548367416 1536
548367533 1537
548367581 1538
548570973 1539
548678665 1540
548691397 1541
548695046 1542
548708055 1543
548708363 1544
548712377 1545
548712900 1546
548717996 1547
548718289 1548
548722538 1549
548937579 1550
548949855 1551
548963433 1552
548993536 1553
549027949 1554
549032115 1555
549161688 1556
549269622 1557
549282467 1558
549347735 1559
549364820 1560
549364902 1561
549377217 1562
549381505 1563
549394502 1564
549597974 1565
549696983 1566
549714149 1567
549718297 1568
549722579 1569
549731284 1570
550029475 1571
550033883 1572
550047168 1573
550055237 1574
550059489 1575
550063565 1576
550063679 1577
550063806 1578
550068041 1579
550068399 1580
550076798 1581
550081317 1582
550081666 1583
550081740 1584
550275952 1585
550297695 1586
550301858 1587
550319575 1588
550322829 1589
550400302 1590
550404663 1591
550404686 1592
550404687 1593
550422109 1594
550422384 1595
550426732 1596
550617370 1597
550621853 1598
550638250 1599
550655668 1600
550681259 1601
550741296 1602
550745787 1603
550750102 1604
550962648 1605
550988122 1606
551078480 1607
551298257 1608
551303686 1609
551337690 1610
551410783 1611
551432047 1612
551751981 1613
551760443 1614
551989415 1615
552101431 1616
571666434 1617
573142557 1618
573289993 1619
573337611 1620
573402255 1621
574040939 1622
574511458 1623
574515806 1624
574732075 1625
574736017 1626
574965048 1627
574973454 1628
575197482 1629
575301459 1630
575305924 1631
575323308 1632
575384259 1633
575651309 1634
575768294 1635
575988538 1636
576082257 1637
576324665 1638
576475847 1639
576502536 1640
576566223 1641
576566287 1642
576566621 1643
576574889 1644
576683512 1645
576825965 1646
576898212 1647
576985092 1648
577002771 1649
577019326 1650
577205270 1651
577244511 1652
577330676 1653
577369038 1654
577554935 1655
577702398 1656
577709776 1657
577710786 1658
578008551 1659
578038867 1660
578254032 1661
578284233 1662
578556621 1663
578587259 1664
578621125 1665
578642656 1666
578686468 1667
578690477 1668
578725249 1669
578919867 1670
578936675 1671
579014639 1672
579052997 1673
579194975 1674
579230376 1675
579234980 1676
579239039 1677
579268807 1678
579402619 1679
579425252 1680
579536041 1681
579575594 1682
579700707 1683
579912201 1684
579946370 1685
580071186 1686
580110678 1687
580287695 1688
580288167 1689
580300616 1690
580413399 1691
580662960 1692
580680652 1693
580732172 1694
580732377 1695
580736843 1696
580776190 1697
580780309 1698
581004609 1699
581013183 1700
581013253 1701
581064707 1702
581099105 1703
5812979948 1704
5812980103 1705
5812980109 1706
5812980142 1707
5812980467 1708
5812980470 1709
5812980473 1710
5812980494 1711
5812980520 1712
5812980529 1713
5812980658 1714
5812980666 1715
5812980710 1716
5812980743 1717
5812980746 1718
5812980750 1719
5812980884 1720
5812980916 1721
5812981016 1722
5812981199 1723
5812981228 1724
5812981237 1725
5812981283 1726
5812981381 1727
5812981506 1728
5812981517 1729
5812981791 1730
5812981823 1731
5812981877 1732
5812982052 1733
5812982122 1734
5812982295 1735
5812982324 1736
5812982710 1737
5812982711 1738
5812982885 1739
5812982936 1740
5812982959 1741
5812982960 1742
5812982965 1743
5812982970 1744
5812982984 1745
5812982994 1746
5812983103 1747
5812983110 1748
5812983128 1749
5812983240 1750
5812983281 1751
5812983636 1752
5812983755 1753
5812983825 1754
5812983831 1755
5812983878 1756
5812984012 1757
5812986121 1758
5812986472 1759
5812986798 1760
5812987034 1761
5812988363 1762
5812989861 1763
5812990346 1764
5812991473 1765
5812992091 1766
5812992893 1767
5812993667 1768
5812994710 1769
5812997961 1770
5813002671 1771
5813005012 1772
5813008934 1773
5813009358 1774
5813009554 1775
5813009578 1776
5813009620 1777
5813009766 1778
5813009885 1779
5813009946 1780
5813010212 1781
5813010265 1782
5813010266 1783
5813010279 1784
5813010748 1785
5813010828 1786
5813010841 1787
5813010843 1788
5813010938 1789
5813011067 1790
5813011074 1791
5813011125 1792
5813011133 1793
5813011165 1794
5813011166 1795
5813011298 1796
5813011320 1797
5813011407 1798
5813011443 1799
5813011483 1800
5813011486 1801
5813011493 1802
5813011512 1803
5813011660 1804
5813011794 1805
5813012113 1806
5813012136 1807
5813012193 1808
5813012196 1809
5813012231 1810
5813012492 1811
5813012557 1812
5813012558 1813
5813012619 1814
5813012786 1815
5813012838 1816
5813012995 1817
5813013185 1818
5813013194 1819
5813013202 1820
5813013303 1821
5813013342 1822
5813013487 1823
5813013507 1824
5813013547 1825
5813013630 1826
5813013636 1827
5813013653 1828
5813013748 1829
5813013843 1830
5813014032 1831
5813014242 1832
5813014258 1833
5813014341 1834
5813014391 1835
5813014668 1836
5813014688 1837
5813014693 1838
5813014777 1839
5813014779 1840
5813014793 1841
5813015068 1842
5813015124 1843
5813015327 1844
5813015408 1845
5813015448 1846
5813015594 1847
5813015711 1848
5813016287 1849
5813016347 1850
5813016625 1851
5813016900 1852
5813016954 1853
5813016958 1854
5813019560 1855
5813019681 1856
5813019745 1857
5813019833 1858
5813019834 1859
5813019908 1860
5813020284 1861
5813020347 1862
5813020388 1863
5813020674 1864
5813020676 1865
5813020696 1866
5813020748 1867
5813020751 1868
5813020785 1869
5813020800 1870
5813020803 1871
5813020812 1872
5813020817 1873
5813020840 1874
5813020855 1875
5813020857 1876
5813020993 1877
5813020996 1878
5813021005 1879
5813021046 1880
5813021122 1881
5813021192 1882
5813021223 1883
5813021225 1884
5813021235 1885
5813021238 1886
5813021247 1887
5813021498 1888
5813021564 1889
5813021566 1890
5813021602 1891
5813021899 1892
5813021922 1893
5813022026 1894
5813022160 1895
5813022182 1896
5813022192 1897
5813022257 1898
5813022337 1899
5813022339 1900
5813022343 1901
5813022375 1902
5813022404 1903
5813022424 1904
5813022429 1905
5813022459 1906
5813022538 1907
5813022759 1908
5813022806 1909
5813022814 1910
5813022915 1911
5813022923 1912
5813022976 1913
5813024852 1914
5813024933 1915
5813026589 1916
5813026656 1917
5813026661 1918
5813026705 1919
5813026785 1920
5813026791 1921
5813027592 1922
5813027737 1923
5813027832 1924
5813032424 1925
5813032485 1926
5813032709 1927
5813033155 1928
5813033157 1929
5813033161 1930
5813033324 1931
5813033379 1932
5813033443 1933
5813033535 1934
5813035070 1935
5813035328 1936
5813035418 1937
5813035477 1938
5813035694 1939
5813035837 1940
5813038338 1941
5813038579 1942
5813038604 1943
5813039906 1944
5813040000 1945
5813040037 1946
5813040133 1947
5813040190 1948
5813040712 1949
5813040766 1950
5813041161 1951
5813041169 1952
5813041174 1953
5813041177 1954
5813041237 1955
5813041304 1956
5813041504 1957
5813041525 1958
5813041610 1959
5813041684 1960
5813042499 1961
5813045806 1962
5813046185 1963
5813046658 1964
5813046745 1965
5813046951 1966
5813047115 1967
5813047131 1968
5813047448 1969
5813047739 1970
5813047772 1971
5813048229 1972
5813048437 1973
5813048745 1974
5813049378 1975
5813049380 1976
5813049445 1977
5813049481 1978
5813049907 1979
5813049946 1980
5813050455 1981
5813050772 1982
5813052205 1983
5813053669 1984
5813053688 1985
5813053712 1986
5813053847 1987
5813053860 1988
5813053923 1989
5813054079 1990
5813054659 1991
5813055298 1992
5813055535 1993
5813055749 1994
5813055768 1995
5813055769 1996
5813055800 1997
5813055817 1998
5813055949 1999
5813055999 2000
5813056041 2001
5813056054 2002
5813056057 2003
5813056062 2004
5813056071 2005
5813056101 2006
5813056168 2007
5813056257 2008
5813056261 2009
5813056791 2010
5813056881 2011
5813056917 2012
5813056932 2013
5813056944 2014
5813056972 2015
5813056979 2016
5813057162 2017
5813057245 2018
5813057461 2019
5813057464 2020
5813057481 2021
5813057861 2022
5813057864 2023
5813057933 2024
5813057973 2025
5813058050 2026
5813058097 2027
5813058222 2028
5813058236 2029
5813058258 2030
5813058272 2031
5813058319 2032
5813058320 2033
5813058350 2034
5813058388 2035
5813058442 2036
5813058452 2037
5813058518 2038
5813060068 2039
5813060672 2040
5813060687 2041
5813060701 2042
5813060768 2043
5813061024 2044
5813061112 2045
5813061114 2046
5813061260 2047
5813061262 2048
5813061395 2049
5813061538 2050
5813061642 2051
5813061901 2052
5813062686 2053
5813062838 2054
5813062858 2055
5813063093 2056
5813063137 2057
5813063524 2058
5813063587 2059
5813063829 2060
5813064332 2061
5813064474 2062
5813064485 2063
5813065004 2064
5813065365 2065
5813065519 2066
5813066377 2067
5813066983 2068
5813067732 2069
5813067963 2070
5813068453 2071
5813068467 2072
5813068475 2073
5813068484 2074
5813068563 2075
5813068575 2076
5813068603 2077
5813068748 2078
5813068769 2079
5813068773 2080
5813069497 2081
5813069512 2082
5813069630 2083
5813070569 2084
5813070991 2085
5813071068 2086
5813071078 2087
5813071257 2088
5813071348 2089
5813071370 2090
5813075619 2091
5813075692 2092
5813075875 2093
5813075932 2094
5813076043 2095
5813076392 2096
5813077469 2097
5813077488 2098
5813077569 2099
5813077571 2100
5813077911 2101
5813077929 2102
5813077945 2103
5813078068 2104
5813078263 2105
5813078571 2106
5813078603 2107
5813078641 2108
5813079004 2109
5813079192 2110
5813079417 2111
5813080768 2112
5813081474 2113
5813081849 2114
5813081864 2115
5813082239 2116
5813082394 2117
5813082460 2118
5813082722 2119
5813082723 2120
5813082780 2121
5813083779 2122
5813083780 2123
5813083781 2124
5813087620 2125
5813087848 2126
5813087891 2127
5813087953 2128
5813087991 2129
5813088525 2130
5813088641 2131
5813088784 2132
5813088921 2133
5813089157 2134
5813089803 2135
5813089869 2136
5813092990 2137
5813093512 2138
5813094560 2139
5813094598 2140
5813094811 2141
5813096198 2142
5813096913 2143
5813097020 2144
5813097634 2145
5813097926 2146
5813098223 2147
5813098864 2148
5813098975 2149
5813100373 2150
5813103626 2151
5813105726 2152
5813105778 2153
5813108129 2154
5813109064 2155
5813109198 2156
5813109327 2157
5813111272 2158
5813116551 2159
5813117385 2160
5813123042 2161
5813123584 2162
5813123585 2163
5813124162 2164
5813124939 2165
5813126031 2166
5813129271 2167
5813129453 2168
5813129481 2169
5813130366 2170
5813132515 2171
5813133463 2172
5813133506 2173
5813133917 2174
5813134082 2175
5813134294 2176
5813135108 2177
581336531 2178
581336621 2179
581358486 2180
581405615 2181
581409749 2182
581414714 2183
581432310 2184
581436615 2185
581440626 2186
581465861 2187
581652283 2188
581746661 2189
581754996 2190
581755530 2191
581755794 2192
581790318 2193
581962275 2194
582027783 2195
582101205 2196
582381054 2197
582473145 2198
582696254 2199
582700300 2200
582791755 2201
583132200 2202
583162608 2203
5901192948 2204
5901193720 2205
5901194840 2206
5901195945 2207
5901196319 2208
5901196628 2209
5901197108 2210
5901197274 2211
5901197801 2212
5901198036 2213
5901201676 2214
5901201909 2215
5901203310 2216
5901203505 2217
5901203703 2218
5901203704 2219
5901204522 2220
5901206990 2221
5901210740 2222
5901212906 2223
5901213440 2224
5901213624 2225
5901215775 2226
5901215966 2227
5901215971 2228
5901218930 2229
5901221584 2230
5901221890 2231
5901222127 2232
5901225184 2233
5901225755 2234
5901226036 2235
5901227064 2236
5901227238 2237
5901230025 2238
5901231318 2239
5901232053 2240
5901232546 2241
602071049 2242
603068370 2243
603167111 2244
603482385 2245
604070433 2246
604195247 2247
604289581 2248
604709727 2249
604864322 2250
604864392 2251
604976663 2252
604989814 2253
605006733 2254
605166418 2255
605550395 2256
605554875 2257
605654689 2258
605662705 2259
605852310 2260
605994959 2261
605999323 2262
606103219 2263
606193500 2264
606340818 2265
606461310 2266
606703149 2267
607221569 2268
607251100 2269
607264357 2270
607273128 2271
607273339 2272
607597135 2273
607692113 2274
607700797 2275
607925257 2276
607929192 2277
607933758 2278
607938091 2279
607955261 2280
608041927 2281
608042044 2282
608261812 2283
608278754 2284
608283432 2285
608369629 2286
608377992 2287
608602824 2288
608715651 2289
608728678 2290
608926849 2291
609052312 2292
609310926 2293
609384093 2294
609513630 2295
609591880 2296
609591891 2297
609591989 2298
609655670 2299
609656444 2300
609660480 2301
609765114 2302
609778038 2303
609893831 2304
609975449 2305
609979769 2306
609992451 2307
609993550 2308
610018976 2309
610113424 2310
610312734 2311
610321430 2312
610321522 2313
610329293 2314
610338229 2315
610342229 2316
610351307 2317
610415691 2318
610666582 2319
610670860 2320
610722297 2321
610762153 2322
610766538 2323
610803857 2324
610981555 2325
610981584 2326
611015907 2327
611016455 2328
611020135 2329
611029037 2330
611037750 2331
611089612 2332
611089775 2333
611102913 2334
611340150 2335
611343891 2336
611357256 2337
611361002 2338
611361058 2339
611365952 2340
611452437 2341
611629428 2342
611693656 2343
611706830 2344
611728142 2345
611776075 2346
611806486 2347
611810783 2348
612034653 2349
612138999 2350
612307129 2351
612336669 2352
612367371 2353
612371421 2354
612414168 2355
612445325 2356
612492779 2357
612643681 2358
612712334 2359
612742137 2360
612742165 2361
612742224 2362
612742229 2363
612742298 2364
612742316 2365
612746557 2366
612746670 2367
612755343 2368
612777140 2369
613040803 2370
613044611 2371
613066879 2372
613079053 2373
613083298 2374
613083317 2375
613126471 2376
613175370 2377
613191512 2378
613394707 2379
613480833 2380
613744224 2381
613835914 2382
613852471 2383
614081109 2384
614172073 2385
614175857 2386
614413183 2387
633541960 2388
634879889 2389
635541640 2390
635674180 2391
635878327 2392
635890732 2393
635895000 2394
635908014 2395
636236092 2396
636344136 2397
636356423 2398
636594376 2399
636667489 2400
636944318 2401
637008792 2402
637393228 2403
637475264 2404
637621553 2405
637730365 2406
637949421 2407
638040562 2408
638152829 2409
638394209 2410
638740232 2411
638985608 2412
639008013 2413
639063702 2414
639275368 2415
639327084 2416
639405054 2417
639650941 2418
639655157 2419
639655378 2420
639659397 2421
639995972 2422
6400000773 2423
640104852 2424
640276971 2425
640596169 2426
640665331 2427
640691030 2428
640691209 2429
640755994 2430
640773630 2431
640963528 2432
641062535 2433
641118848 2434
641373426 2435
641688553 2436
641709401 2437
641709938 2438
641714522 2439
642024743 2440
642041782 2441
642046803 2442
642171582 2443
642387775 2444
642387793 2445
642504699 2446
642509080 2447
642651049 2448
642702809 2449
642715563 2450
642715875 2451
642723975 2452
642724189 2453
642732835 2454
642763119 2455
642846335 2456
643039876 2457
643052767 2458
643060819 2459
643073880 2460
643151522 2461
643152220 2462
643156727 2463
643160749 2464
643329030 2465
643350227 2466
643389529 2467
643393020 2468
643393688 2469
643401816 2470
643402037 2471
643462563 2472
643475630 2473
643488175 2474
643502099 2475
643502135 2476
643506462 2477
643721915 2478
643739027 2479
643743142 2480
643760681 2481
643773259 2482
643794320 2483
643812292 2484
643830129 2485
643838258 2486
643847447 2487
643859327 2488
643864734 2489
644071614 2490
644079767 2491
644083764 2492
644113913 2493
644148539 2494
644148561 2495
644148661 2496
644148705 2497
644153089 2498
644408508 2499
644412509 2500
644421171 2501
644425543 2502
644433538 2503
644450565 2504
644538274 2505
644757911 2506
644761952 2507
644788121 2508
644862107 2509
644862119 2510
644874664 2511
645086558 2512
645111897 2513
645228729 2514
645449236 2515
665479890 2516
666200256 2517
666575508 2518
666994301 2519
667266529 2520
667271225 2521
667413225 2522
667615836 2523
667936188 2524
668065234 2525
668285416 2526
668384542 2527
668742424 2528
668967527 2529
669075559 2530
669088684 2531
669421910 2532
669433549 2533
669649730 2534
669649736 2535
669666822 2536
669670654 2537
669744300 2538
669965108 2539
669978138 2540
669990380 2541
670020922 2542
670089878 2543
670094261 2544
670115770 2545
670353202 2546
670357457 2547
670362225 2548
670370149 2549
670370239 2550
670431030 2551
670435003 2552
670435566 2553
670448503 2554
670703141 2555
670772147 2556
670776480 2557
670785345 2558
670798473 2559
670810688 2560
670883838 2561
671035328 2562
671130857 2563
671234167 2564
671345931 2565
671449467 2566
671462984 2567
671657343 2568
671660941 2569
671751354 2570
671756253 2571
671795298 2572
672041363 2573
672092798 2574
672157925 2575
672192070 2576
672407642 2577
672429275 2578
672490308 2579
672491097 2580
672494647 2581
672494995 2582
672598344 2583
672697926 2584
672723441 2585
672835284 2586
672840346 2587
673068602 2588
673085574 2589
673090000 2590
673158826 2591
673181026 2592
673189141 2593
673405506 2594
673418040 2595
673426911 2596
673435566 2597
673509195 2598
673513595 2599
673513680 2600
673518025 2601
673758836 2602
673772244 2603
673772290 2604
673841414 2605
673845326 2606
673863199 2607
673867858 2608
674069555 2609
674096140 2610
674108632 2611
674108802 2612
674195797 2613
674195939 2614
674196015 2615
674199553 2616
674200163 2617
674204416 2618
674204586 2619
674423996 2620
674427795 2621
674446014 2622
674532291 2623
674540638 2624
674541239 2625
674545602 2626
674554589 2627
674558711 2628
674562454 2629
674781866 2630
674877940 2631
674882237 2632
674882250 2633
674882302 2634
674886219 2635
674886247 2636
674886426 2637
674890909 2638
675127699 2639
675127915 2640
675144908 2641
675153151 2642
675166212 2643
675187531 2644
675187558 2645
675187572 2646
675187578 2647
675214755 2648
675245573 2649
675442851 2650
675447609 2651
675455751 2652
675490204 2653
675528661 2654
675560123 2655
675568335 2656
675577227 2657
675577297 2658
675586380 2659
675767414 2660
675784199 2661
675800740 2662
675800901 2663
675809900 2664
675822559 2665
675822802 2666
675887521 2667
675909493 2668
675913699 2669
676133767 2670
676138357 2671
676263757 2672
676479156 2673
676479217 2674
676824431 2675
676927521 2676
695500178 2677
696617609 2678
697061826 2679
697265869 2680
697269889 2681
697316795 2682
697416237 2683
697939194 2684
698314499 2685
698443880 2686
698444473 2687
698742094 2688
698772143 2689
698979607 2690
698996246 2691
699178922 2692
699358695 2693
699363923 2694
699415334 2695
699463239 2696
699687305 2697
699695617 2698
699752330 2699
699998408 2700
700037217 2701
700149394 2702
700335140 2703
700377995 2704
700472947 2705
700481649 2706
700486220 2707
700658962 2708
700683875 2709
700787980 2710
700796582 2711
700801298 2712
700805759 2713
700982749 2714
701147064 2715
701151126 2716
701345660 2717
701371011 2718
701383309 2719
701469455 2720
701470006 2721
701478446 2722
701522478 2723
701733434 2724
701742479 2725
701815778 2726
701824508 2727
702069970 2728
702079023 2729
702079135 2730
702152113 2731
702199343 2732
702389193 2733
702493502 2734
702506641 2735
702541330 2736
702730227 2737
702760612 2738
702760942 2739
702843399 2740
702843625 2741
702847749 2742
702847835 2743
702882168 2744
703059097 2745
703101952 2746
703145276 2747
703179848 2748
703188128 2749
703193246 2750
703196977 2751
703387200 2752
703438567 2753
703520780 2754
703520999 2755
703546653 2756
703779386 2757
703857506 2758
703857634 2759
703857647 2760
703865775 2761
703866010 2762
703866312 2763
703900244 2764
704111734 2765
704116248 2766
704129001 2767
704216351 2768
704216501 2769
704453006 2770
704466265 2771
704526371 2772
704548262 2773
704548608 2774
704552421 2775
704557115 2776
704785058 2777
704785256 2778
704785546 2779
704816317 2780
704898746 2781
705217250 2782
705225742 2783
705229969 2784
705230543 2785
705234668 2786
705243675 2787
705243748 2788
705462899 2789
705463175 2790
705463539 2791
705471952 2792
705554385 2793
705566917 2794
705571469 2795
705575832 2796
705579678 2797
705580431 2798
705787638 2799
705795727 2800
705816818 2801
705921032 2802
705934237 2803
705934295 2804
705938591 2805
706176085 2806
706274906 2807
706275406 2808
706279799 2809
706283812 2810
706451920 2811
706473389 2812
706508078 2813
706520453 2814
706590422 2815
706594432 2816
706595046 2817
706819341 2818
706935923 2819
706948318 2820
706952287 2821
707190771 2822
707258828 2823
707303240 2824
707303341 2825
707306937 2826
707622246 2827
707626940 2828
707627039 2829
707854620 2830
707854989 2831
707858790 2832
707863263 2833
707962822 2834
707963035 2835
707966860 2836
708187441 2837
708208811 2838
708312447 2839
708545526 2840
7112615101 2841
7112616205 2842
7112622044 2843
7112624972 2844
725701350 2845
727713068 2846
727929407 2847
728625156 2848
728667734 2849
728974338 2850
729007988 2851
729358056 2852
729698667 2853
729772652 2854
729790291 2855
729798521 2856
730001920 2857
730006122 2858
730013818 2859
730104740 2860
730118077 2861
730147829 2862
730147972 2863
730148003 2864
730165570 2865
730398148 2866
730398229 2867
730454511 2868
730475736 2869
730497472 2870
730692294 2871
730721558 2872
730830911 2873
730838984 2874
730843416 2875
730843612 2876
731062953 2877
731140650 2878
731140809 2879
731145160 2880
731145304 2881
731482010 2882
731494823 2883
731688775 2884
731689147 2885
732059827 2886
732077752 2887
732163357 2888
732164021 2889
732431788 2890
732487987 2891
732514014 2892
732518921 2893
732741880 2894
732777416 2895
732854383 2896
732855337 2897
732885054 2898
733100946 2899
733182574 2900
733187248 2901
733192083 2902
733196072 2903
733203990 2904
733204605 2905
733235394 2906
733399215 2907
733458828 2908
733528372 2909
733796382 2910
733834095 2911
733873838 2912
733920677 2913
734132592 2914
734206142 2915
734327429 2916
734408687 2917
734473582 2918
734491001 2919
734547253 2920
734551239 2921
734599550 2922
734754585 2923
734814195 2924
734814622 2925
734892616 2926
734901302 2927
735216414 2928
735237649 2929
735470654 2930
735488299 2931
735569882 2932
735582897 2933
735583313 2934
735937329 2935
735941254 2936
736109737 2937
736140238 2938
736174181 2939
736265297 2940
736274233 2941
736286550 2942
736299152 2943
736433303 2944
736502411 2945
736584819 2946
736618725 2947
736619385 2948
736627693 2949
736791573 2950
736830579 2951
736860990 2952
736942972 2953
736951485 2954
737189212 2955
737231959 2956
737491049 2957
737491087 2958
737607426 2959
737646604 2960
737824168 2961
737832306 2962
737892940 2963
737970549 2964
738009096 2965
738246510 2966
738656719 2967
739006671 2968
739213376 2969
739256609 2970
739567785 2971
739572008 2972
739917109 2973
756390604 2974
757538997 2975
758674661 2976
758955666 2977
758977730 2978
758990648 2979
759667315 2980
759681018 2981
760021137 2982
760268555 2983
760323253 2984
760358472 2985
760397222 2986
760487313 2987
760488130 2988
760690116 2989
760729207 2990
760807090 2991
760821030 2992
760828908 2993
761040902 2994
761096077 2995
761182838 2996
761494051 2997
761537199 2998
761838866 2999
761838951 3000
761843188 3001
762037782 3002
762058745 3003
762180073 3004
762184774 3005
762184860 3006
762274975 3007
762520955 3008
762526201 3009
762534597 3010
762745906 3011
762857726 3012
762857949 3013
762871258 3014
763086729 3015
763116811 3016
763186493 3017
763470548 3018
763544185 3019
763807876 3020
763863652 3021
763884953 3022
763885580 3023
763889196 3024
763890535 3025
764144161 3026
764148834 3027
764153172 3028
764222141 3029
764601633 3030
764601999 3031
764817903 3032
764900186 3033
765145895 3034
765245188 3035
765271846 3036
765504308 3037
765564814 3038
765590602 3039
765611896 3040
765823131 3041
765931172 3042
765970508 3043
766186252 3044
766255970 3045
766259612 3046
766281447 3047
766385551 3048
766587944 3049
766653726 3050
766937594 3051
766958676 3052
766972501 3053
766972518 3054
766972529 3055
766980905 3056
767291211 3057
767313151 3058
767317461 3059
767321428 3060
767455273 3061
767473384 3062
767486231 3063
767541763 3064
767615771 3065
767662994 3066
767903933 3067
767904550 3068
767982148 3069
767995362 3070
767995425 3071
768000153 3072
768336083 3073
768341026 3074
768590452 3075
768660226 3076
768677562 3077
768681180 3078
768884949 3079
768935840 3080
768983660 3081
768992478 3082
769000432 3083
769000618 3084
769000814 3085
769022355 3086
769031416 3087
769039951 3088
769043623 3089
769199010 3090
769263962 3091
769268002 3092
769355285 3093
769553073 3094
769670101 3095
769718055 3096
769924974 3097
769937253 3098
770249286 3099
789130596 3100
789398359 3101
790405385 3102
790417325 3103
790417660 3104
790520994 3105
790641825 3106
790741191 3107
790982851 3108
791043906 3109
791090597 3110
791177986 3111
791384849 3112
791427589 3113
791501536 3114
791505612 3115
791527493 3116
792062042 3117
792174783 3118
792175182 3119
792191979 3120
792205464 3121
792450754 3122
792511506 3123
792515974 3124
792538051 3125
792562856 3126
792562984 3127
792891477 3128
793128475 3129
793590678 3130
793595621 3131
793797279 3132
793879702 3133
793892682 3134
793905507 3135
794246765 3136
794277305 3137
794406234 3138
794462286 3139
794466376 3140
794565759 3141
794591963 3142
794596287 3143
794919689 3144
794919972 3145
794920152 3146
794945765 3147
794945885 3148
794946803 3149
794967711 3150
795187525 3151
795546494 3152
795606987 3153
795826923 3154
795939275 3155
795943400 3156
795943772 3157
795982766 3158
796193592 3159
796210710 3160
796232909 3161
796288875 3162
796301840 3163
796393522 3164
796543393 3165
796599303 3166
796651131 3167
796755936 3168
796889169 3169
796936455 3170
796940742 3171
796940968 3172
796992363 3173
797194962 3174
797255293 3175
797277919 3176
797281464 3177
797282094 3178
797307551 3179
797545148 3180
797644437 3181
797661937 3182
797981213 3183
798002859 3184
798322393 3185
798684461 3186
798849134 3187
798939240 3188
799263200 3189
799384037 3190
799521639 3191
799578347 3192
799586652 3193
799686186 3194
799725558 3195
800018427 3196
800065698 3197
800212579 3198
800212976 3199
800233950 3200
800238269 3201
800303089 3202
800373114 3203
800416654 3204
800588608 3205
800622401 3206
800704780 3207
800925392 3208
800937779 3209
801068349 3210
801257348 3211
801283077 3212
801391062 3213
801404810 3214
801421689 3215
801434494 3216
801671616 3217
801762539 3218
801970070 3219
817678848 3220
818123597 3221
819725372 3222
820800405 3223
820856412 3224
821418392 3225
821552280 3226
821686394 3227
821728921 3228
821729208 3229
821729315 3230
821729349 3231
821729374 3232
822078542 3233
822376419 3234
822380754 3235
822428009 3236
822461999 3237
822505389 3238
822531203 3239
822531456 3240
822531747 3241
822558433 3242
822562470 3243
822833681 3244
822863807 3245
822911647 3246
823058891 3247
823209397 3248
823852745 3249
823879266 3250
823917726 3251
824115747 3252
824254298 3253
824275830 3254
824349873 3255
824457714 3256
824940802 3257
824957718 3258
825182392 3259
825186389 3260
825278007 3261
825489724 3262
825518758 3263
825618641 3264
825618697 3265
825644302 3266
825821898 3267
825822254 3268
825968875 3269
825989433 3270
825993580 3271
826136822 3272
826615735 3273
826646173 3274
826659627 3275
826663057 3276
826844892 3277
826857417 3278
826957102 3279
827016935 3280
827323331 3281
827362431 3282
827526960 3283
827673856 3284
827707931 3285
827889523 3286
827893839 3287
827911067 3288
828048452 3289
828282250 3290
828316115 3291
828316308 3292
828316322 3293
828316734 3294
828338171 3295
828389586 3296
828592967 3297
828627440 3298
828658121 3299
828658169 3300
828705781 3301
828934059 3302
828955389 3303
829020447 3304
829024965 3305
829050526 3306
829059301 3307
829279239 3308
829636950 3309
829680630 3310
829693574 3311
830634936 3312
830734617 3313
831057494 3314
831106059 3315
831291329 3316
831295271 3317
831394580 3318
831451599 3319
832084952 3320
832111288 3321
832115145 3322
832115686 3323
832128886 3324
832133283 3325
832301110 3326
832473680 3327
832646151 3328
832789228 3329
833043564 3330
833125833 3331
850181951 3332
851110676 3333
851114700 3334
852422640 3335
852763122 3336
852897751 3337
853173648 3338
853238466 3339
853251627 3340
853437941 3341
853514696 3342
853920936 3343
854611780 3344
854883067 3345
854953009 3346
855147657 3347
855181776 3348
855306932 3349
855493136 3350
855625712 3351
855630800 3352
855638407 3353
856290796 3354
856670426 3355
856678883 3356
857348706 3357
857715717 3358
858047578 3359
858453703 3360
858604499 3361
858730688 3362
858738615 3363
858906840 3364
858907062 3365
858928511 3366
859062721 3367
859083245 3368
859265651 3369
859269754 3370
859381489 3371
859665971 3372
859688555 3373
859735285 3374
859736554 3375
860102547 3376
860305498 3377
860374727 3378
860395984 3379
861005020 3380
861061095 3381
861065482 3382
861251038 3383
861251942 3384
861341500 3385
861372060 3386
861423391 3387
861583205 3388
861665641 3389
862010850 3390
862053324 3391
862132054 3392
862278897 3393
862671913 3394
862697175 3395
862722715 3396
862782937 3397
862787861 3398
862804955 3399
863059358 3400
863128563 3401
863340110 3402
863460836 3403
863478837 3404
863496317 3405
863500820 3406
863504548 3407
863698974 3408
863841737 3409
863841743 3410
864048288 3411
864159982 3412
864168698 3413
864168709 3414
864169621 3415
881220948 3416
882239837 3417
882922539 3418
883500704 3419
884123412 3420
884269218 3421
884269255 3422
884273795 3423
884320493 3424
884636075 3425
884661462 3426
884921015 3427
885253534 3428
885257938 3429
885262090 3430
885262118 3431
885313468 3432
885603106 3433
885685726 3434
885996122 3435
886328403 3436
886337208 3437
886342108 3438
886682742 3439
887015314 3440
887036001 3441
887230673 3442
887588829 3443
887640858 3444
887713781 3445
887921032 3446
888146447 3447
888391573 3448
888577071 3449
888706882 3450
888978890 3451
889863729 3452
890092483 3453
890197225 3454
890425079 3455
890446875 3456
890619489 3457
890671753 3458
890709439 3459
891409875 3460
891474688 3461
891663788 3462
891771553 3463
892109219 3464
892376241 3465
892376440 3466
892385258 3467
892398461 3468
892722090 3469
893119574 3470
893140673 3471
893158171 3472
893338771 3473
893421054 3474
893460787 3475
893481760 3476
893515939 3477
893520661 3478
893524895 3479
893710296 3480
893741163 3481
893754136 3482
893861139 3483
894020730 3484
894043329 3485
894163829 3486
894168625 3487
894362173 3488
894380152 3489
894500674 3490
894534421 3491
894543328 3492
894543691 3493
894551935 3494
894702888 3495
894724798 3496
894859140 3497
895091952 3498
895100374 3499
895186781 3500
895441451 3501
895791663 3502
908728886 3503
910451489 3504
911569552 3505
912583959 3506
913681721 3507
913810960 3508
914298735 3509
914466864 3510
914778159 3511
914850280 3512
914958963 3513
914972076 3514
915188031 3515
915273417 3516
915299337 3517
915503330 3518
915520244 3519
915605802 3520
915615021 3521
915619240 3522
915623395 3523
915627746 3524
915946994 3525
915951309 3526
915951605 3527
915960293 3528
915964748 3529
915981352 3530
916029180 3531
916029571 3532
916296656 3533
916296860 3534
916330980 3535
916456567 3536
916637896 3537
916646779 3538
916655865 3539
916672636 3540
917298286 3541
917363145 3542
917643796 3543
917712623 3544
917730988 3545
917919724 3546
918722597 3547
919168397 3548
919448450 3549
920108605 3550
920131057 3551
920652764 3552
920657321 3553
920665877 3554
920708433 3555
920738998 3556
920799316 3557
920808836 3558
920869856 3559
920873167 3560
921084944 3561
921132358 3562
921421188 3563
921684387 3564
921757789 3565
922012309 3566
922073305 3567
922302296 3568
922496175 3569
922595498 3570
922643119 3571
922810839 3572
922815552 3573
922992588 3574
923415956 3575
923752335 3576
923761285 3577
923865337 3578
924049792 3579
924054815 3580
924737391 3581
924788221 3582
924827385 3583
924879750 3584
925052149 3585
925077617 3586
925090871 3587
925241334 3588
925587143 3589
925799233 3590
925811326 3591
925824977 3592
925881054 3593
926490072 3594
926575664 3595
926584037 3596
940791248 3597
944344030 3598
945354221 3599
945928585 3600
946045327 3601
946274518 3602
946300206 3603
946300310 3604
946308462 3605
946619892 3606
946684931 3607
947003647 3608
947029413 3609
947573616 3610
947582284 3611
947681334 3612
947681560 3613
947681574 3614
947685653 3615
947743009 3616
947754897 3617
947858895 3618
947862945 3619
947898091 3620
948626958 3621
948648575 3622
948752269 3623
948851462 3624
950102865 3625
951126955 3626
951165633 3627
951645198 3628
951808062 3629
951813855 3630
951830641 3631
952158785 3632
952158884 3633
952166744 3634
952166828 3635
952327382 3636
952374245 3637
952525648 3638
952711642 3639
952724101 3640
953013850 3641
953039761 3642
953103667 3643
953410147 3644
953414780 3645
954705691 3646
954909042 3647
955888209 3648
956126012 3649
956207110 3650
956518968 3651
956954587 3652
957278739 3653
957283070 3654
957287330 3655
957287426 3656
957290989 3657
957485415 3658
957606517 3659
958197533 3660
975197713 3661
976934253 3662
976964834 3663
976994022 3664
977002560 3665
977006924 3666
977335129 3667
977339122 3668
977339225 3669
977339390 3670
977352235 3671
977378756 3672
977413163 3673
977420970 3674
977598865 3675
977697611 3676
978056035 3677
978065606 3678
978068779 3679
978345784 3680
978427303 3681
978681977 3682
978686129 3683
978747045 3684
978971398 3685
979001183 3686
979066072 3687
979087210 3688
979368408 3689
979436792 3690
979773722 3691
980089353 3692
980123888 3693
980978890 3694
980982986 3695
981000564 3696
981142231 3697
982070626 3698
982157498 3699
982389963 3700
982494035 3701
982540894 3702
982835208 3703
982865736 3704
982865952 3705
983063787 3706
983067799 3707
983093876 3708
983180483 3709
983202377 3710
983426636 3711
983430664 3712
983522047 3713
983529474 3714
983534555 3715
983750516 3716
983767417 3717
983767602 3718
983771898 3719
983887956 3720
983888897 3721
983905050 3722
984203727 3723
984536209 3724
984799284 3725
984833702 3726
985510931 3727
985839488 3728
986089634 3729
986098785 3730
986918760 3731
986974738 3732
987117151 3733
987242778 3734
987273073 3735
987842109 3736
987924867 3737
987976403 3738
988567837 3739
988653659 3740
988654188 3741
988909130 3742
989228019 3743
