1007402796 1
1007640554 2
1007666180 3
1007735501 4
1008024276 5
1008378448 6
1008378609 7
1008391068 8
1008425971 9
1008680614 10
1008693462 11
1008693605 12
1009095570 13
1009371535 14
1009578838 15
1009791141 16
1010044978 17
1010338583 18
1010437434 19
1010713883 20
1011068028 21
1011611587 22
1011996877 23
1013040388 24
1013113953 25
1013416131 26
1013416147 27
1013425227 28
1013636956 29
1013891539 30
1014107332 31
1014124309 32
1014206712 33
1014452870 34
1014469498 35
1014539429 36
1014798169 37
1014820080 38
1014936626 39
1014936705 40
1015143077 41
1015169543 42
1015479949 43
1015492865 44
1015570297 45
1016506999 46
1016839809 47
1017168501 48
1017547830 49
1017574059 50
1017647483 51
1017880794 52
1017910233 53
1018009357 54
1018303586 55
1018692118 56
1019214774 57
1019322922 58
1019357327 59
1019556103 60
1019607245 61
1020280792 62
1020608279 63
1034664458 64
1035393986 65
1036637638 66
1037979778 67
1039068185 68
1039076835 69
1039080957 70
1039141038 71
1039335355 72
1039400642 73
1040328771 74
1041071176 75
1041666949 76
1043066007 77
1043842362 78
1044262482 79
1045240983 80
1045262699 81
1045263640 82
1045482779 83
1045492192 84
1045504901 85
1045525957 86
1045819957 87
1045850110 88
1046264861 89
1046506683 90
1046873413 91
1046903356 92
1047887562 93
1048172314 94
1048288847 95
1048289014 96
1048289697 97
1048609058 98
1048647522 99
1048975307 100
1049291085 101
1049570983 102
1049916348 103
1049946735 104
1050249353 105
1050266721 106
1050581215 107
1050646637 108
1050922195 109
1050935614 110
1051280385 111
1051281052 112
1051311534 113
1051315821 114
1051980223 115
1069489835 116
1069809216 117
1070102614 118
1070422316 119
1070797450 120
1071121755 121
1071519343 122
1071760480 123
1072063538 124
1072507501 125
1072533704 126
1072779298 127
1072779568 128
1073314797 129
1075827302 130
1076185604 131
1076224947 132
1076285102 133
1076526556 134
1076539350 135
1076539598 136
1076893223 137
1077571786 138
1078978823 139
1079660882 140
1081392708 141
1081659180 142
1081755066 143
1081957306 144
1082005161 145
1082013851 146
1099022750 147
1099255933 148
1099397913 149
1100085251 150
1100381898 151
1100900138 152
1101474458 153
1101487727 154
1102191395 155
1102514975 156
1104155212 157
1106672761 158
1107232942 159
1107578710 160
1109599486 161
1109651526 162
1109957857 163
1110307501 164
1111356585 165
1111753990 166
1112410037 167
1112431072 168
1113371819 169
1113371822 170
1113717709 171
1130152325 172
1131827390 173
1131827565 174
1131831990 175
1131836229 176
1132168481 177
1132168616 178
1132168736 179
1132526832 180
1132530992 181
1134482718 182
1134849005 183
1134849078 184
1135941181 185
1135941581 186
1136752885 187
1137590955 188
1138026774 189
1138212774 190
1138579549 191
1138587910 192
1139369242 193
1140003523 194
1140655376 195
1140655624 196
1140996390 197
1141324564 198
1141328881 199
1141329227 200
1141350537 201
1141713514 202
1142002856 203
1142049877 204
1142356576 205
1143064329 206
1143108190 207
1143807196 208
1155263986 209
1158402729 210
1160807120 211
1161459105 212
1162871168 213
1163199311 214
1163898298 215
1164545788 216
1165305889 217
1166674437 218
1168283924 219
1168603800 220
1169277100 221
1170352367 222
1170404875 223
1171431567 224
1171690432 225
1171690479 226
1172031461 227
1173029301 228
1173814525 229
1175122887 230
1175433492 231
1175800378 232
1190763066 233
1191315642 234
1193599804 235
1195999722 236
1196573432 237
1196854070 238
1199327859 239
1201296549 240
1203070528 241
1204063702 242
1204124270 243
1204391417 244
1204547624 245
1205090786 246
1205220831 247
1206114100 248
1206153341 249
1207154756 250
1220873910 251
1220873945 252
1223200775 253
1224591253 254
1224595273 255
1224595608 256
1224941044 257
1225290240 258
1225290633 259
1226206190 260
1226296238 261
1231299343 262
1232344382 263
1233428010 264
1233501275 265
1233505806 266
1233773217 267
1234481054 268
1236864195 269
1237179690 270
1237197175 271
1237524538 272
1252966452 273
1253230203 274
1254931127 275
1255630284 276
1257629175 277
1259309269 278
1262170241 279
1262360335 280
1264186300 281
1266871604 282
1268896703 283
1283872218 284
1286362826 285
1289359184 286
1291142212 287
1292027772 288
1293892027 289
1295501882 290
1299935493 291
1300276335 292
1317074822 293
1320480289 294
1324762843 295
1325133618 296
1325138112 297
1325138116 298
1326157533 299
1343139850 300
1351065769 301
1361332091 302
1362674294 303
1407139453 304
1407398468 305
1415829386 306
1417573898 307
1419909152 308
1436935320 309
1440168755 310
1440804168 311
1445522838 312
1448591766 313
1448936559 314
1450016008 315
1450296978 316
1451401873 317
1455438367 318
1465630554 319
1479622707 320
1481336075 321
1481336455 322
1502870544 323
1503552296 324
1509957347 325
1511016097 326
1533265020 327
1534270924 328
1539309006 329
1543138040 330
1543949467 331
1570111396 332
1572520204 333
1598011458 334
1628135911 335
1629050586 336
1629383757 337
1633441295 338
1671638278 339
1718114551 340
1720088459 341
1722185618 342
1723506321 343
1748666238 344
1753535481 345
1784881382 346
1785240458 347
1785926866 348
1785931916 349
1787636059 350
1815934776 351
1816284179 352
1817712927 353
1841174731 354
1875288631 355
1877667406 356
1878354441 357
1879095788 358
1879385017 359
1882009576 360
1906663957 361
1941792709 362
2002147259 363
203253253 364
2034550982 365
203594164 366
203598466 367
204958872 368
205985855 369
2097303136 370
2147677469 371
2251787239 372
2283504379 373
234630133 374
263674097 375
264014957 376
266187342 377
266187383 378
266187477 379
266187480 380
266187559 381
266191407 382
266528086 383
266873591 384
267214250 385
267551639 386
267568157 387
267896360 388
268731005 389
294450004 390
295802733 391
295828029 392
295849410 393
296139882 394
296194535 395
296199021 396
296199026 397
296199149 398
296203324 399
296203325 400
296203392 401
296203434 402
296203440 403
296358430 404
296509709 405
296531366 406
296535619 407
296535655 408
296838079 409
296855409 410
296859399 411
297166053 412
297217528 413
297519815 414
297541369 415
297563139 416
297563270 417
297580589 418
297584752 419
297908595 420
297912117 421
297917277 422
297917363 423
297917364 424
297917475 425
297921570 426
297921608 427
297921808 428
297925487 429
297925526 430
297925608 431
297929807 432
297929902 433
297929935 434
297930068 435
297934012 436
297934349 437
298241038 438
298250090 439
298254384 440
298254474 441
298254517 442
298258354 443
298258399 444
298258415 445
298258513 446
298262408 447
298262488 448
298262498 449
298262599 450
298262663 451
298266660 452
298266903 453
298267069 454
298267091 455
298591130 456
298595196 457
298599269 458
298599271 459
298599664 460
298603633 461
298603730 462
298607679 463
298616588 464
298927224 465
298927362 466
298931489 467
298944444 468
298944479 469
298944745 470
298948785 471
298952944 472
298957166 473
299043389 474
299078990 475
299082033 476
299268507 477
299281245 478
299289811 479
299290105 480
299298381 481
299604862 482
299617529 483
299621755 484
299626157 485
299954300 486
324721026 487
324725187 488
325839288 489
325839302 490
326253554 491
326474963 492
326530038 493
326547252 494
326817334 495
326879917 496
326884223 497
326884331 498
326888433 499
326888609 500
326888627 501
326888675 502
326892322 503
327246381 504
327583395 505
327587644 506
327588225 507
327588446 508
327933008 509
327937494 510
327937506 511
328010530 512
328244591 513
328253133 514
328264983 515
328265389 516
328269766 517
328270395 518
328274638 519
328291093 520
328417092 521
328533761 522
328538408 523
328601956 524
328611004 525
328632707 526
328935472 527
328939480 528
328943204 529
328948348 530
328952123 531
329225149 532
329301513 533
329301762 534
329566174 535
329566197 536
329578247 537
329638509 538
329732855 539
329772284 540
329897255 541
329970706 542
329978745 543
329983926 544
329988112 545
330074324 546
330260421 547
330268940 548
330316013 549
330320065 550
330415332 551
330640044 552
330661529 553
330661573 554
330661786 555
330678844 556
330998090 557
331006655 558
331343089 559
331662710 560
355077858 561
355086967 562
356429209 563
356818551 564
356909006 565
356913605 566
357224041 567
357250005 568
357250238 569
357573154 570
357581846 571
357581860 572
357581939 573
357599074 574
357940977 575
357945155 576
358264919 577
358286194 578
358286442 579
358613806 580
358639742 581
358725902 582
358890923 583
359240396 584
359292188 585
359317340 586
359326764 587
359926787 588
359931311 589
360254108 590
360263797 591
360284300 592
360310976 593
360349882 594
360591860 595
360673271 596
360677632 597
360759031 598
360773196 599
361005850 600
361031397 601
361040812 602
361114148 603
361264970 604
361273559 605
361312146 606
361312808 607
361364000 608
361376643 609
361445621 610
361636071 611
361700223 612
361700674 613
361704572 614
361722354 615
361825416 616
361955066 617
362019898 618
362041442 619
362045855 620
362299997 621
362369976 622
362395402 623
362715189 624
362719326 625
362862047 626
364156501 627
386833850 628
386877197 629
387227028 630
387568523 631
387939267 632
387952104 633
388267095 634
388280249 635
388280297 636
388280322 637
388280529 638
388280541 639
388280610 640
388293131 641
388638672 642
388954086 643
388975834 644
389657555 645
389661909 646
389808550 647
389976940 648
390003153 649
390280026 650
390331583 651
390344260 652
390352384 653
390361224 654
390473497 655
390486371 656
390590450 657
390641835 658
390706983 659
391021712 660
391034580 661
391496898 662
391497219 663
391610069 664
391803510 665
392057736 666
392066096 667
392179333 668
392325925 669
392389970 670
392399005 671
392411222 672
392645419 673
392735903 674
392757094 675
392821837 676
393063351 677
393171256 678
393210919 679
393404592 680
393499533 681
393766777 682
393776005 683
393883499 684
394095053 685
416876055 686
417558532 687
417834021 688
417908800 689
418175238 690
418261858 691
418503161 692
418516266 693
418516470 694
418607328 695
418641700 696
418969927 697
418969956 698
418970095 699
418987009 700
419345606 701
420010739 702
420325753 703
420347328 704
420351087 705
420351828 706
420386244 707
420586101 708
420666689 709
420688062 710
420688241 711
420688294 712
420696828 713
420723066 714
421033734 715
421041565 716
421054850 717
421068062 718
421314273 719
421318649 720
421728750 721
422052346 722
422056477 723
422056521 724
422388958 725
422419397 726
422738252 727
422742649 728
422751191 729
423096449 730
423096943 731
423105632 732
423178587 733
423213589 734
423512063 735
423748579 736
423749262 737
423766084 738
423770604 739
423783704 740
423792217 741
423792440 742
424193116 743
424193645 744
424250610 745
424434994 746
424452682 747
424788926 748
424792976 749
424793122 750
424888924 751
424918786 752
425104178 753
425143700 754
425462513 755
447599745 756
447872055 757
448204394 758
448342846 759
448536695 760
448869118 761
449205588 762
449205611 763
449209971 764
449218986 765
449288517 766
449296930 767
450004974 768
450005014 769
450034902 770
450354788 771
450971893 772
451049385 773
451054039 774
451062462 775
451365099 776
451485030 777
451662040 778
451995306 779
451995734 780
452103083 781
452162916 782
452210677 783
452336897 784
452340995 785
452401052 786
452401246 787
452552124 788
452689494 789
452742028 790
452771533 791
452771913 792
452841283 793
452883920 794
453087379 795
453130054 796
453194635 797
453380528 798
453423834 799
453436589 800
453457927 801
453522986 802
453536107 803
453536432 804
453765256 805
453794660 806
453868924 807
454089465 808
454136171 809
454252960 810
454469072 811
454477603 812
454787848 813
454792422 814
454822542 815
454822714 816
454896445 817
454939928 818
455133591 819
455154890 820
455155337 821
455172836 822
455229034 823
455232361 824
455483094 825
455500416 826
455578166 827
455815977 828
455819680 829
455820184 830
456156825 831
456174330 832
456523994 833
456833888 834
456846996 835
456847100 836
457175171 837
457520516 838
479260891 839
479637825 840
479908320 841
480029788 842
480258208 843
480328501 844
480521586 845
480664837 846
480681197 847
480987689 848
481034861 849
481035392 850
481070027 851
481190355 852
481191030 853
481295335 854
481359062 855
481371769 856
481390070 857
481394217 858
481406868 859
481427934 860
481731074 861
481747302 862
482002172 863
482421242 864
482762280 865
482861459 866
483017681 867
483099193 868
483720758 869
483797945 870
483798285 871
484126552 872
484130600 873
484134987 874
484147730 875
484355328 876
484368420 877
484554412 878
484735637 879
484735678 880
484821546 881
484825371 882
484829654 883
484890037 884
484903253 885
484911881 886
484911954 887
484942773 888
485132675 889
485171192 890
485171425 891
485231414 892
485249150 893
485252796 894
485253580 895
485511772 896
485585976 897
485628489 898
485745069 899
485934965 900
485970020 901
486194398 902
486314976 903
486315287 904
486444857 905
486496648 906
486518323 907
486544396 908
486812022 909
486842208 910
486876782 911
486880919 912
486932201 913
486994024 914
487144598 915
487187476 916
487191620 917
487212916 918
487217638 919
487286529 920
487523851 921
487541595 922
487623053 923
487899562 924
487925037 925
487925063 926
487968933 927
487976781 928
488231898 929
488231939 930
488559952 931
488572496 932
488581156 933
488922181 934
488931037 935
489375496 936
508689623 937
509924185 938
509945954 939
510049477 940
510278421 941
510278853 942
510680365 943
510987433 944
511025402 945
511271574 946
511349908 947
511353266 948
511660697 949
511685969 950
512014262 951
512411244 952
512441111 953
512441442 954
512765816 955
512774096 956
512782759 957
512787296 958
513344531 959
513668146 960
513887940 961
514043443 962
514068564 963
514116545 964
514474716 965
514475106 966
514583142 967
514613165 968
514708179 969
514807275 970
514816333 971
514833145 972
514842241 973
514850616 974
514859045 975
515092013 976
515152792 977
515588291 978
515869245 979
516163285 980
516214576 981
516283789 982
516288489 983
516322115 984
516629544 985
516780722 986
516806504 987
516857964 988
516875221 989
516888016 990
516965856 991
517207902 992
517242832 993
517280671 994
517506265 995
517514142 996
517578770 997
517648018 998
517687607 999
517838657 1000
517838849 1001
517872280 1002
517885151 1003
517902689 1004
517910959 1005
517911104 1006
518183562 1007
518217691 1008
518235177 1009
518252747 1010
518329528 1011
518576422 1012
518593663 1013
518598175 1014
518666806 1015
518670779 1016
518899665 1017
518920893 1018
518921865 1019
518930199 1020
518930220 1021
519004170 1022
519012059 1023
519017242 1024
519046655 1025
519262429 1026
519279166 1027
519354028 1028
519358587 1029
519591210 1030
519616809 1031
519620935 1032
519689333 1033
519694628 1034
519949044 1035
520272258 1036
520285559 1037
520380132 1038
520617773 1039
541192496 1040
541347811 1041
541697718 1042
541723810 1043
542376096 1044
542410481 1045
542691005 1046
542699260 1047
543023799 1048
543049093 1049
543092817 1050
543135607 1051
543238468 1052
543256347 1053
543321179 1054
543412036 1055
543433461 1056
543441466 1057
543808842 1058
543821838 1059
544037996 1060
544038123 1061
544107243 1062
544107335 1063
544158940 1064
544262349 1065
544270890 1066
544512309 1067
544602598 1068
544611593 1069
544620289 1070
544637659 1071
544706811 1072
544931723 1073
544948071 1074
545289059 1075
545301965 1076
545444996 1077
545501062 1078
545510060 1079
545535468 1080
545625900 1081
545626238 1082
545630021 1083
545634347 1084
545635037 1085
545639454 1086
545872467 1087
545903200 1088
545962614 1089
545966796 1090
545966857 1091
545967081 1092
545967453 1093
545971196 1094
545971266 1095
545971748 1096
545975516 1097
545979714 1098
545984286 1099
546080131 1100
546196205 1101
546287086 1102
546303574 1103
546303917 1104
546308189 1105
546312139 1106
546312597 1107
546312618 1108
546316520 1109
546325197 1110
546507208 1111
546641039 1112
546661830 1113
546661879 1114
546661881 1115
546661929 1116
546661963 1117
546765551 1118
546989945 1119
546998916 1120
547002880 1121
547158593 1122
547227734 1123
547240545 1124
547310321 1125
547318128 1126
547331291 1127
547343857 1128
547344214 1129
547551580 1130
547552266 1131
547565159 1132
547659321 1133
547672046 1134
547680689 1135
547681002 1136
547927681 1137
548022079 1138
548025953 1139
548031014 1140
548203966 1141
548225503 1142
548250936 1143
548367306 1144
548367416 1145
548367533 1146
548367581 1147
548377264 1148
548570973 1149
548571023 1150
548575149 1151
548691397 1152
548708363 1153
548712377 1154
548712900 1155
548717604 1156
548718226 1157
548718289 1158
548722538 1159
548907426 1160
548937579 1161
548949855 1162
548963433 1163
548993536 1164
549032115 1165
549032154 1166
549040631 1167
549158040 1168
549161688 1169
549175510 1170
549219101 1171
549252548 1172
549257678 1173
549261610 1174
549269622 1175
549282467 1176
549347735 1177
549364820 1178
549377217 1179
549377612 1180
549382144 1181
549597974 1182
549610772 1183
549611256 1184
549701100 1185
549714149 1186
549718224 1187
549718297 1188
549722579 1189
549727330 1190
549731284 1191
549943673 1192
550055393 1193
550063565 1194
550068041 1195
550068399 1196
550076798 1197
550081317 1198
550081666 1199
550275952 1200
550275987 1201
550280614 1202
550297695 1203
550301858 1204
550319575 1205
550319585 1206
550400302 1207
550404663 1208
550413322 1209
550413337 1210
550422109 1211
550422384 1212
550426732 1213
550621853 1214
550638250 1215
550655668 1216
550655959 1217
550720698 1218
550737387 1219
550741296 1220
550741323 1221
550750102 1222
550962648 1223
550983795 1224
550988122 1225
551000891 1226
551004984 1227
551043841 1228
551065761 1229
551078480 1230
551095369 1231
551302781 1232
551303686 1233
551337690 1234
551341782 1235
551410783 1236
551427936 1237
551751968 1238
551751981 1239
551760443 1240
573142557 1241
573670049 1242
573683438 1243
574040939 1244
574420970 1245
574511458 1246
574732075 1247
574973454 1248
575197482 1249
575301459 1250
575426742 1251
575768294 1252
576082257 1253
576208238 1254
576324665 1255
576475847 1256
576502536 1257
576566223 1258
576566287 1259
576566621 1260
576574889 1261
576683512 1262
576825965 1263
576885542 1264
576898212 1265
576898907 1266
576898923 1267
577019326 1268
577205270 1269
577244511 1270
577330676 1271
577369038 1272
577373434 1273
577554935 1274
577585079 1275
577697202 1276
577702398 1277
577709776 1278
577710786 1279
577720000 1280
578016879 1281
578249948 1282
578253910 1283
578254032 1284
578587420 1285
578621125 1286
578690477 1287
578725249 1288
578893446 1289
578936010 1290
578936603 1291
578936675 1292
578945164 1293
579230376 1294
579234980 1295
579239039 1296
579268807 1297
579298760 1298
579420623 1299
579425252 1300
579536041 1301
579575594 1302
579596940 1303
579627475 1304
579648510 1305
579700707 1306
579769772 1307
579912201 1308
579946370 1309
579963818 1310
580288167 1311
580300616 1312
580317662 1313
580662960 1314
580667978 1315
580732172 1316
580736603 1317
580736843 1318
580741415 1319
580745387 1320
580776190 1321
580780309 1322
580987056 1323
581004609 1324
581012908 1325
581013104 1326
581064707 1327
581099105 1328
5812979995 1329
5812980079 1330
5812980103 1331
5812980109 1332
5812980147 1333
5812980326 1334
5812980470 1335
5812980473 1336
5812980494 1337
5812980514 1338
5812980520 1339
5812980529 1340
5812980666 1341
5812980732 1342
5812980752 1343
5812980884 1344
5812980916 1345
5812981016 1346
5812981199 1347
5812981228 1348
5812981237 1349
5812981240 1350
5812981249 1351
5812981266 1352
5812981268 1353
5812981381 1354
5812981506 1355
5812981791 1356
5812981822 1357
5812981840 1358
5812981872 1359
5812982052 1360
5812982324 1361
5812982711 1362
5812982779 1363
5812982959 1364
5812982960 1365
5812982970 1366
5812982994 1367
5812983240 1368
5812983258 1369
5812983533 1370
5812983538 1371
5812983636 1372
5812983755 1373
5812983831 1374
5812987773 1375
5812989469 1376
5812989861 1377
5812991668 1378
5812997319 1379
5813001678 1380
5813004525 1381
5813007108 1382
5813008911 1383
5813008934 1384
5813009358 1385
5813009445 1386
5813009554 1387
5813009567 1388
5813009595 1389
5813009620 1390
5813009650 1391
5813009653 1392
5813010251 1393
5813010265 1394
5813010279 1395
5813010533 1396
5813010748 1397
5813010766 1398
5813010770 1399
5813010801 1400
5813010843 1401
5813010938 1402
5813011067 1403
5813011074 1404
5813011125 1405
5813011133 1406
5813011166 1407
5813011286 1408
5813011320 1409
5813011407 1410
5813011443 1411
5813011471 1412
5813011483 1413
5813011486 1414
5813011493 1415
5813011512 1416
5813011660 1417
5813011858 1418
5813011865 1419
5813012136 1420
5813012193 1421
5813012231 1422
5813012243 1423
5813012255 1424
5813012492 1425
5813012555 1426
5813012786 1427
5813012950 1428
5813012964 1429
5813012976 1430
5813012995 1431
5813013303 1432
5813013315 1433
5813013342 1434
5813013547 1435
5813013616 1436
5813013630 1437
5813013652 1438
5813013653 1439
5813013843 1440
5813014242 1441
5813014258 1442
5813014341 1443
5813014391 1444
5813014640 1445
5813014693 1446
5813014771 1447
5813014793 1448
5813015068 1449
5813015124 1450
5813015448 1451
5813015711 1452
5813016631 1453
5813016958 1454
5813019513 1455
5813019517 1456
5813019526 1457
5813019560 1458
5813019568 1459
5813019588 1460
5813019607 1461
5813019676 1462
5813019681 1463
5813019732 1464
5813019833 1465
5813019834 1466
5813019850 1467
5813019908 1468
5813020189 1469
5813020284 1470
5813020382 1471
5813020673 1472
5813020676 1473
5813020684 1474
5813020696 1475
5813020751 1476
5813020785 1477
5813020800 1478
5813020803 1479
5813020817 1480
5813020840 1481
5813020850 1482
5813020855 1483
5813020988 1484
5813020993 1485
5813020996 1486
5813021005 1487
5813021046 1488
5813021192 1489
5813021225 1490
5813021235 1491
5813021238 1492
5813021247 1493
5813021498 1494
5813021564 1495
5813021574 1496
5813021602 1497
5813021899 1498
5813022026 1499
5813022160 1500
5813022163 1501
5813022182 1502
5813022192 1503
5813022199 1504
5813022259 1505
5813022337 1506
5813022339 1507
5813022343 1508
5813022370 1509
5813022375 1510
5813022424 1511
5813022429 1512
5813022459 1513
5813022507 1514
5813022567 1515
5813022591 1516
5813022759 1517
5813022814 1518
5813022896 1519
5813022915 1520
5813022976 1521
5813026037 1522
5813026589 1523
5813026592 1524
5813026613 1525
5813026661 1526
5813026703 1527
5813026705 1528
5813026745 1529
5813026785 1530
5813027016 1531
5813027592 1532
5813027692 1533
5813027737 1534
5813027826 1535
5813032709 1536
5813032847 1537
5813032990 1538
5813033000 1539
5813033033 1540
5813033215 1541
5813033324 1542
5813033443 1543
5813033551 1544
5813035230 1545
5813039860 1546
5813039906 1547
5813039910 1548
5813040123 1549
5813040133 1550
5813040190 1551
5813040712 1552
5813041149 1553
5813041161 1554
5813041169 1555
5813041174 1556
5813041177 1557
5813041237 1558
5813041610 1559
5813041707 1560
5813046658 1561
5813046951 1562
5813047425 1563
5813047448 1564
5813047739 1565
5813047763 1566
5813048127 1567
5813048437 1568
5813049102 1569
5813049378 1570
5813049380 1571
5813049481 1572
5813049907 1573
5813050455 1574
5813052205 1575
5813052909 1576
5813053669 1577
5813053688 1578
5813053712 1579
5813053851 1580
5813053891 1581
5813054079 1582
5813054204 1583
5813054853 1584
5813055709 1585
5813055749 1586
5813055759 1587
5813055769 1588
5813055800 1589
5813055817 1590
5813055904 1591
5813055913 1592
5813055949 1593
5813055999 1594
5813056054 1595
5813056057 1596
5813056062 1597
5813056071 1598
5813056101 1599
5813056261 1600
5813056423 1601
5813056881 1602
5813056887 1603
5813056909 1604
5813056917 1605
5813056944 1606
5813056972 1607
5813056979 1608
5813057162 1609
5813057464 1610
5813057481 1611
5813057738 1612
5813057859 1613
5813057861 1614
5813057973 1615
5813058008 1616
5813058048 1617
5813058050 1618
5813058222 1619
5813058258 1620
5813058272 1621
5813058319 1622
5813058320 1623
5813058333 1624
5813058342 1625
5813058376 1626
5813060687 1627
5813060697 1628
5813060701 1629
5813060768 1630
5813060993 1631
5813061024 1632
5813061114 1633
5813061260 1634
5813061262 1635
5813061538 1636
5813061879 1637
5813061974 1638
5813062552 1639
5813062838 1640
5813062858 1641
5813062907 1642
5813063137 1643
5813063587 1644
5813064332 1645
5813064485 1646
5813064828 1647
5813066377 1648
5813067732 1649
5813067788 1650
5813068453 1651
5813068575 1652
5813068603 1653
5813068769 1654
5813069072 1655
5813069497 1656
5813069630 1657
5813069683 1658
5813069859 1659
5813069977 1660
5813070070 1661
5813070094 1662
5813070569 1663
5813070991 1664
5813071068 1665
5813071078 1666
5813071370 1667
5813071475 1668
5813075619 1669
5813075692 1670
5813075748 1671
5813075772 1672
5813075806 1673
5813075824 1674
5813076043 1675
5813077469 1676
5813077488 1677
5813077569 1678
5813077571 1679
5813077929 1680
5813077945 1681
5813077961 1682
5813078068 1683
5813078074 1684
5813078487 1685
5813078557 1686
5813078571 1687
5813078621 1688
5813078641 1689
5813078739 1690
5813079193 1691
5813079288 1692
5813079417 1693
5813079425 1694
5813081474 1695
5813081864 1696
5813082394 1697
5813082722 1698
5813083316 1699
5813083359 1700
5813083733 1701
5813083779 1702
5813083780 1703
5813087817 1704
5813087837 1705
5813087848 1706
5813087891 1707
5813087953 1708
5813088360 1709
5813088412 1710
5813088458 1711
5813088525 1712
5813088939 1713
5813089157 1714
5813089487 1715
5813089869 1716
5813090556 1717
5813091577 1718
5813092319 1719
5813094811 1720
5813096198 1721
5813096638 1722
5813096699 1723
5813096832 1724
5813096913 1725
5813097634 1726
5813098223 1727
5813098374 1728
5813098776 1729
5813098975 1730
5813103626 1731
5813104563 1732
5813105726 1733
5813105778 1734
5813108129 1735
5813108247 1736
5813108370 1737
5813109064 1738
5813109120 1739
5813109327 1740
5813111989 1741
5813117385 1742
5813123042 1743
5813123584 1744
5813124162 1745
5813129271 1746
5813129453 1747
5813129481 1748
5813130028 1749
5813132515 1750
5813133506 1751
5813133903 1752
5813133917 1753
5813134052 1754
5813134055 1755
5813134294 1756
581314586 1757
581332573 1758
581336531 1759
581358486 1760
581405615 1761
581414714 1762
581432310 1763
581436615 1764
581648167 1765
581652283 1766
581678043 1767
581685825 1768
581690438 1769
581746661 1770
581746674 1771
581754996 1772
581790318 1773
582027783 1774
582101022 1775
582101205 1776
582139830 1777
582148503 1778
582333967 1779
582372162 1780
582381047 1781
582381054 1782
582473145 1783
582696254 1784
582700300 1785
582709537 1786
583015749 1787
583132200 1788
583150030 1789
5901118375 1790
5901193890 1791
5901195945 1792
5901196159 1793
5901196319 1794
5901196628 1795
5901197108 1796
5901197274 1797
5901200903 1798
5901201676 1799
5901201909 1800
5901203310 1801
5901203505 1802
5901203987 1803
5901212906 1804
5901213155 1805
5901213440 1806
5901213624 1807
5901215775 1808
5901215966 1809
5901218930 1810
5901220525 1811
5901221584 1812
5901221890 1813
5901225197 1814
5901228218 1815
5901232053 1816
5901232546 1817
5901232690 1818
602071049 1819
602368546 1820
602476655 1821
602645152 1822
603068370 1823
603444300 1824
604070433 1825
604194925 1826
604195063 1827
604195247 1828
604289581 1829
604709727 1830
604856102 1831
604864322 1832
604989814 1833
605006733 1834
605166418 1835
605532956 1836
605550395 1837
605554875 1838
605662705 1839
606193500 1840
606461310 1841
606703149 1842
607195856 1843
607251100 1844
607260192 1845
607273128 1846
607273339 1847
607592906 1848
607597135 1849
607692113 1850
607700797 1851
607894716 1852
607925257 1853
607929192 1854
607933758 1855
607955261 1856
608041927 1857
608042044 1858
608261812 1859
608266363 1860
608278754 1861
608283432 1862
608301148 1863
608369629 1864
608377992 1865
608417561 1866
608602824 1867
608628936 1868
608728678 1869
608754263 1870
608948356 1871
609052312 1872
609289395 1873
609297824 1874
609310926 1875
609587511 1876
609587594 1877
609591640 1878
609591758 1879
609591823 1880
609591880 1881
609591891 1882
609591989 1883
609630483 1884
609655670 1885
609656444 1886
609660480 1887
609677179 1888
609765114 1889
609773847 1890
609893831 1891
609975449 1892
609979769 1893
609988789 1894
609992451 1895
609993550 1896
609997539 1897
610061715 1898
610299911 1899
610312734 1900
610321430 1901
610321522 1902
610338229 1903
610342229 1904
610351307 1905
610368283 1906
610381395 1907
610601810 1908
610670860 1909
610722297 1910
610731053 1911
610762153 1912
610800574 1913
610981584 1914
611015907 1915
611016455 1916
611020135 1917
611037750 1918
611068232 1919
611089775 1920
611262552 1921
611323310 1922
611340150 1923
611343891 1924
611348784 1925
611352588 1926
611357256 1927
611361002 1928
611361058 1929
611365952 1930
611413241 1931
611452437 1932
611629428 1933
611663250 1934
611693656 1935
611694145 1936
611776075 1937
612004584 1938
612034653 1939
612121276 1940
612138999 1941
612358673 1942
612367371 1943
612371421 1944
612414168 1945
612436752 1946
612440702 1947
612445325 1948
612638791 1949
612643681 1950
612703762 1951
612712334 1952
612742137 1953
612742165 1954
612742224 1955
612742229 1956
612742248 1957
612742298 1958
612742316 1959
612746557 1960
612746670 1961
612755343 1962
612777140 1963
612790140 1964
613040803 1965
613044611 1966
613066879 1967
613079053 1968
613083298 1969
613083317 1970
613083359 1971
613083375 1972
613126471 1973
613175370 1974
613179816 1975
613338546 1976
613386220 1977
613394707 1978
613398542 1979
613420343 1980
613480833 1981
613520418 1982
613727557 1983
613744647 1984
613756712 1985
613835914 1986
613874080 1987
614081109 1988
614081151 1989
614172073 1990
614175857 1991
614179968 1992
614413183 1993
614417802 1994
634879889 1995
635674180 1996
635860358 1997
635890732 1998
635895000 1999
635908014 2000
636236092 2001
636356423 2002
636594376 2003
636667489 2004
636944318 2005
637008792 2006
637224582 2007
637393228 2008
637475264 2009
637540087 2010
637621553 2011
637730365 2012
637958190 2013
638040562 2014
638057952 2015
638152829 2016
638312678 2017
638394209 2018
638740232 2019
638748929 2020
638964662 2021
638972808 2022
638985608 2023
638985888 2024
639008013 2025
639050664 2026
639318234 2027
639327084 2028
639405054 2029
639585968 2030
639650941 2031
639655157 2032
639655378 2033
639659397 2034
639659514 2035
639762942 2036
639957655 2037
639974538 2038
639995972 2039
640104852 2040
640276971 2041
640596169 2042
640617445 2043
640665331 2044
640691030 2045
640691209 2046
640755994 2047
640963528 2048
641062535 2049
641066630 2050
641355714 2051
641373426 2052
641403248 2053
641464420 2054
641688553 2055
641701225 2056
641709401 2057
641709938 2058
641714522 2059
642041782 2060
642046803 2061
642171582 2062
642365841 2063
642378701 2064
642387595 2065
642387775 2066
642387793 2067
642504699 2068
642509080 2069
642651049 2070
642660081 2071
642664141 2072
642693620 2073
642694410 2074
642702809 2075
642715276 2076
642715563 2077
642715622 2078
642715875 2079
642720054 2080
642720190 2081
642723975 2082
642724189 2083
642724424 2084
642732835 2085
642763374 2086
642824051 2087
642846335 2088
642979697 2089
643005055 2090
643039876 2091
643052767 2092
643060819 2093
643073880 2094
643078133 2095
643142863 2096
643152220 2097
643156727 2098
643160749 2099
643350227 2100
643376222 2101
643389529 2102
643393020 2103
643393688 2104
643398197 2105
643401816 2106
643402037 2107
643475630 2108
643488175 2109
643502004 2110
643502099 2111
643502135 2112
643506462 2113
643531962 2114
643679015 2115
643691163 2116
643721915 2117
643739027 2118
643743142 2119
643760681 2120
643773259 2121
643794320 2122
643847447 2123
643859327 2124
643860525 2125
643868715 2126
644083764 2127
644092984 2128
644113913 2129
644118254 2130
644148539 2131
644148561 2132
644148705 2133
644161860 2134
644196793 2135
644218343 2136
644378240 2137
644408508 2138
644417091 2139
644421171 2140
644425543 2141
644433538 2142
644437931 2143
644442919 2144
644450565 2145
644450686 2146
644529212 2147
644538274 2148
644757911 2149
644761952 2150
644788121 2151
644862107 2152
644862119 2153
644870768 2154
645086558 2155
645094600 2156
645111897 2157
645224664 2158
645228729 2159
645448827 2160
645449236 2161
645456880 2162
645556717 2163
645556898 2164
665479890 2165
665556968 2166
665897487 2167
666200256 2168
666575508 2169
666942960 2170
667266529 2171
667271225 2172
667279709 2173
667413225 2174
667615836 2175
668065234 2176
668384542 2177
668618317 2178
668742424 2179
668967527 2180
669075559 2181
669088684 2182
669321086 2183
669325882 2184
669433549 2185
669649730 2186
669649736 2187
669666822 2188
669675454 2189
669744300 2190
669965108 2191
669977676 2192
669978138 2193
670003592 2194
670020922 2195
670024927 2196
670089878 2197
670115770 2198
670353202 2199
670353384 2200
670357457 2201
670357655 2202
670370149 2203
670370239 2204
670431030 2205
670435003 2206
670435566 2207
670452932 2208
670651346 2209
670681593 2210
670690090 2211
670703141 2212
670772147 2213
670776253 2214
670776480 2215
670810688 2216
670883838 2217
671130857 2218
671143850 2219
671234167 2220
671393987 2221
671449467 2222
671484332 2223
671657343 2224
671751354 2225
671756253 2226
671795298 2227
672002621 2228
672041363 2229
672058109 2230
672092798 2231
672149658 2232
672157925 2233
672192070 2234
672390849 2235
672407642 2236
672429275 2237
672490308 2238
672491097 2239
672494647 2240
672494995 2241
672598344 2242
672723441 2243
672809472 2244
672835284 2245
672840327 2246
672840346 2247
673047760 2248
673068602 2249
673072771 2250
673072855 2251
673073015 2252
673077361 2253
673085197 2254
673085574 2255
673090000 2256
673181026 2257
673185488 2258
673405506 2259
673413730 2260
673414084 2261
673418040 2262
673418284 2263
673426956 2264
673435566 2265
673509195 2266
673513595 2267
673513680 2268
673518025 2269
673518160 2270
673702721 2271
673741976 2272
673746277 2273
673746538 2274
673755123 2275
673758836 2276
673763861 2277
673772212 2278
673772244 2279
673772290 2280
673776769 2281
673841414 2282
673845326 2283
673863199 2284
673867913 2285
674069555 2286
674108632 2287
674108802 2288
674186774 2289
674195925 2290
674199553 2291
674200163 2292
674427795 2293
674446014 2294
674519060 2295
674532291 2296
674532453 2297
674540638 2298
674541239 2299
674545602 2300
674549878 2301
674554589 2302
674558711 2303
674760695 2304
674760884 2305
674781866 2306
674807824 2307
674882237 2308
674882250 2309
674882302 2310
674886219 2311
674886247 2312
674890909 2313
674903997 2314
675097613 2315
675119034 2316
675127915 2317
675136878 2318
675144908 2319
675144948 2320
675148961 2321
675153151 2322
675166212 2323
675187509 2324
675187531 2325
675187558 2326
675187572 2327
675187643 2328
675214755 2329
675227374 2330
675244095 2331
675244636 2332
675245573 2333
675442851 2334
675447609 2335
675451588 2336
675455751 2337
675468771 2338
675490252 2339
675528661 2340
675551068 2341
675555065 2342
675567895 2343
675568335 2344
675577227 2345
675577297 2346
675590677 2347
675767414 2348
675779986 2349
675800901 2350
675809746 2351
675809900 2352
675822559 2353
675835107 2354
675883268 2355
675887521 2356
675896290 2357
676133767 2358
676138357 2359
676262737 2360
676263463 2361
676263706 2362
676479156 2363
676479217 2364
676604409 2365
676604635 2366
676802870 2367
676824431 2368
695469100 2369
695500178 2370
696617614 2371
696846594 2372
696950427 2373
697265869 2374
697269889 2375
697640740 2376
697977988 2377
698224251 2378
698331117 2379
698443880 2380
698646654 2381
698742094 2382
698772143 2383
698979607 2384
698996246 2385
699031185 2386
699178922 2387
699358695 2388
699363923 2389
699463239 2390
699665498 2391
699687305 2392
699695617 2393
699752330 2394
700037217 2395
700144964 2396
700347500 2397
700356592 2398
700377995 2399
700442663 2400
700472947 2401
700486220 2402
700658962 2403
700792608 2404
700801298 2405
700805759 2406
701151126 2407
701345660 2408
701371011 2409
701383309 2410
701470006 2411
701501142 2412
701522843 2413
701742479 2414
701815702 2415
701815778 2416
701824508 2417
702079023 2418
702079135 2419
702152113 2420
702161043 2421
702506536 2422
702506641 2423
702511002 2424
702730227 2425
702730249 2426
702739659 2427
702765785 2428
702843399 2429
702843625 2430
702847749 2431
702847835 2432
702847867 2433
702882168 2434
703050435 2435
703101952 2436
703106626 2437
703179782 2438
703179848 2439
703188115 2440
703193255 2441
703196977 2442
703421315 2443
703438567 2444
703520780 2445
703520999 2446
703702863 2447
703740639 2448
703779386 2449
703792184 2450
703857506 2451
703857634 2452
703857647 2453
703865775 2454
703866010 2455
703866312 2456
703900244 2457
704078253 2458
704094972 2459
704111734 2460
704116248 2461
704181203 2462
704211066 2463
704216501 2464
704453006 2465
704466265 2466
704526371 2467
704543953 2468
704548170 2469
704548262 2470
704548608 2471
704552421 2472
704557115 2473
704561517 2474
704583323 2475
704785058 2476
704785187 2477
704785256 2478
704785546 2479
704798196 2480
704816317 2481
704880173 2482
704880200 2483
704889031 2484
704893525 2485
705117582 2486
705118017 2487
705139000 2488
705217250 2489
705225742 2490
705229969 2491
705230543 2492
705234668 2493
705243748 2494
705243820 2495
705454177 2496
705462899 2497
705463539 2498
705471952 2499
705554290 2500
705554385 2501
705558104 2502
705571469 2503
705589058 2504
705597377 2505
705787638 2506
705816818 2507
705921032 2508
705925937 2509
705934237 2510
705934295 2511
705938591 2512
706145536 2513
706176085 2514
706274906 2515
706275406 2516
706279208 2517
706279799 2518
706473389 2519
706508078 2520
706520453 2521
706590422 2522
706602555 2523
706607701 2524
706780344 2525
706819341 2526
706862579 2527
706935923 2528
706948943 2529
706952287 2530
706952549 2531
706965816 2532
707190304 2533
707303341 2534
707539688 2535
707622246 2536
707626940 2537
707837502 2538
707854620 2539
707854989 2540
707858790 2541
707863263 2542
707958716 2543
707962822 2544
708187441 2545
708208811 2546
708545526 2547
7112613360 2548
7112613371 2549
7112622044 2550
7112624947 2551
7112624972 2552
7112625063 2553
7112625115 2554
7112625126 2555
7112625282 2556
727260872 2557
727276708 2558
727929407 2559
727968539 2560
728625156 2561
728667734 2562
728974338 2563
728995438 2564
729007932 2565
729007988 2566
729358056 2567
729362386 2568
729677428 2569
729698580 2570
729698667 2571
729811378 2572
729867599 2573
729997357 2574
730001920 2575
730006122 2576
730013818 2577
730118077 2578
730131007 2579
730147829 2580
730147972 2581
730165570 2582
730368076 2583
730398148 2584
730398229 2585
730454511 2586
730475736 2587
730493835 2588
730497472 2589
730687491 2590
730709173 2591
730717696 2592
730721558 2593
730730860 2594
730743732 2595
730843416 2596
730843612 2597
731071789 2598
731140809 2599
731357364 2600
731434251 2601
731482010 2602
731494823 2603
731524779 2604
731525563 2605
731689147 2606
732034854 2607
732064546 2608
732082028 2609
732086360 2610
732159588 2611
732163357 2612
732177096 2613
732189964 2614
732431788 2615
732487987 2616
732518846 2617
732777416 2618
732885054 2619
733182574 2620
733192083 2621
733203990 2622
733433426 2623
733458828 2624
733796382 2625
733834095 2626
734088804 2627
734223288 2628
734327429 2629
734408687 2630
734460065 2631
734460720 2632
734473582 2633
734491001 2634
734547253 2635
734599550 2636
734892616 2637
734901302 2638
735091236 2639
735134301 2640
735250563 2641
735487570 2642
735488299 2643
735509967 2644
735569882 2645
735582897 2646
735772860 2647
735941254 2648
735941543 2649
736109737 2650
736157288 2651
736174181 2652
736265297 2653
736286550 2654
736291275 2655
736433303 2656
736498255 2657
736502411 2658
736506940 2659
736507123 2660
736597546 2661
736614555 2662
736615092 2663
736618725 2664
736619385 2665
736627575 2666
736779340 2667
736791573 2668
736830579 2669
736860990 2670
736942972 2671
736943136 2672
736951485 2673
736969264 2674
737189212 2675
737300958 2676
737486877 2677
737491049 2678
737491087 2679
737512824 2680
737607638 2681
737819547 2682
737892940 2683
737970549 2684
737979073 2685
738246510 2686
738652131 2687
738876690 2688
738876801 2689
738886042 2690
738989372 2691
739002063 2692
739006671 2693
739226403 2694
739343385 2695
739567785 2696
739572008 2697
739917109 2698
756623488 2699
758296423 2700
758674661 2701
758955666 2702
758977730 2703
759633968 2704
759667315 2705
759991385 2706
760034514 2707
760268555 2708
760323253 2709
760358472 2710
760397191 2711
760487313 2712
760690116 2713
760729207 2714
760733648 2715
760733959 2716
760798618 2717
760806798 2718
760821030 2719
760828908 2720
760845715 2721
761040902 2722
761044410 2723
761083880 2724
761096077 2725
761165432 2726
761182838 2727
761489398 2728
761744194 2729
761843188 2730
762037782 2731
762058745 2732
762111368 2733
762171741 2734
762184774 2735
762210257 2736
762215286 2737
762274975 2738
762525634 2739
762525980 2740
762534597 2741
762745906 2742
762745957 2743
762857949 2744
763086729 2745
763116783 2746
763121116 2747
763448955 2748
763544185 2749
763807876 2750
763863652 2751
763889196 2752
763890535 2753
764144161 2754
764144274 2755
764148834 2756
764153172 2757
764222141 2758
764412104 2759
764463233 2760
764480568 2761
764817903 2762
764843860 2763
764904200 2764
765271846 2765
765495592 2766
765504308 2767
765517214 2768
765564814 2769
765590602 2770
765611896 2771
765823131 2772
765828288 2773
765858328 2774
765870889 2775
765931172 2776
765970508 2777
766126400 2778
766186252 2779
766190829 2780
766281447 2781
766298734 2782
766303244 2783
766303415 2784
766505428 2785
766596941 2786
766635463 2787
766653726 2788
766657850 2789
766838498 2790
766863785 2791
766864238 2792
766898803 2793
766963432 2794
766972529 2795
766980905 2796
766994128 2797
766998635 2798
767309009 2799
767313008 2800
767313151 2801
767317361 2802
767321428 2803
767329844 2804
767541763 2805
767550563 2806
767615925 2807
767641269 2808
767662994 2809
767903933 2810
767904550 2811
767964866 2812
767982148 2813
767995425 2814
768253675 2815
768301292 2816
768323661 2817
768336083 2818
768341026 2819
768349342 2820
768538968 2821
768590452 2822
768672317 2823
768673135 2824
768677597 2825
768932330 2826
768983660 2827
769000618 2828
769018494 2829
769039805 2830
769048155 2831
769195048 2832
769199010 2833
769263962 2834
769264367 2835
769268002 2836
769277177 2837
769350533 2838
769355285 2839
769377106 2840
769682628 2841
769691157 2842
769924974 2843
769937253 2844
770036920 2845
770041705 2846
770395472 2847
789398359 2848
789726348 2849
790405385 2850
790417660 2851
790520994 2852
790741191 2853
790741674 2854
790745816 2855
790754734 2856
790982851 2857
791043906 2858
791371842 2859
791384849 2860
791406204 2861
791457874 2862
791527493 2863
792062042 2864
792113805 2865
792113994 2866
792175182 2867
792515974 2868
792692885 2869
792800570 2870
792908892 2871
793115804 2872
793128475 2873
793448088 2874
793590678 2875
793595621 2876
793728667 2877
794088227 2878
794225197 2879
794256078 2880
794406234 2881
794462286 2882
794574805 2883
794829195 2884
794837606 2885
794919689 2886
794919972 2887
794967711 2888
795200864 2889
795541800 2890
795546494 2891
795641312 2892
795814655 2893
795826923 2894
795874440 2895
795943400 2896
795943633 2897
795982766 2898
796193592 2899
796288875 2900
796393522 2901
796543393 2902
796551956 2903
796599303 2904
796616551 2905
796617009 2906
796651131 2907
796755936 2908
797014340 2909
797194962 2910
797216612 2911
797255293 2912
797281464 2913
797282094 2914
797545148 2915
797558130 2916
797562316 2917
797643990 2918
797644437 2919
797661937 2920
797661983 2921
797929588 2922
797981213 2923
797989902 2924
798002859 2925
798322393 2926
798352235 2927
798593797 2928
798667256 2929
798849134 2930
798935342 2931
798939240 2932
799263200 2933
799272106 2934
799578347 2935
799613077 2936
799634618 2937
799721287 2938
799868224 2939
799919294 2940
799945378 2941
799949394 2942
800018427 2943
800212579 2944
800233950 2945
800264315 2946
800303089 2947
800312353 2948
800368659 2949
800373114 2950
800390041 2951
800579638 2952
800588608 2953
800618162 2954
800622401 2955
800937779 2956
800964211 2957
801257348 2958
801279493 2959
801399904 2960
801404810 2961
801434494 2962
817044778 2963
819725372 2964
821444004 2965
821703262 2966
821728921 2967
821780859 2968
822078542 2969
822099901 2970
822376419 2971
822380754 2972
822428009 2973
822531203 2974
822531456 2975
822863807 2976
822907387 2977
823015627 2978
823144842 2979
823209397 2980
823852745 2981
823879266 2982
823913632 2983
824128501 2984
824245550 2985
824263198 2986
824275830 2987
824349873 2988
824436554 2989
824457714 2990
824470535 2991
824565895 2992
824823498 2993
824823860 2994
825294962 2995
825489724 2996
825618641 2997
825644302 2998
825822254 2999
825989433 3000
825993580 3001
826567700 3002
826615735 3003
826844892 3004
826952354 3005
826957102 3006
827016935 3007
827198933 3008
827207454 3009
827323331 3010
827367235 3011
827673856 3012
827889434 3013
827889523 3014
827893839 3015
827911067 3016
828027702 3017
828234642 3018
828282250 3019
828316115 3020
828316308 3021
828316322 3022
828359246 3023
828592924 3024
828597380 3025
828631166 3026
828662384 3027
828683848 3028
828696781 3029
828705781 3030
828929097 3031
828934059 3032
828963747 3033
829020447 3034
829024965 3035
829050526 3036
829261936 3037
829279239 3038
829365719 3039
829542849 3040
829636950 3041
829645793 3042
829693574 3043
829697614 3044
829706709 3045
829745114 3046
830034406 3047
830301923 3048
830306703 3049
830384451 3050
830665034 3051
830950541 3052
830979737 3053
831057494 3054
831291329 3055
831321033 3056
831325065 3057
831451599 3058
831955277 3059
832007501 3060
832011303 3061
832012249 3062
832016427 3063
832081349 3064
832106535 3065
832107249 3066
832133283 3067
832357089 3068
832456945 3069
832780447 3070
832788806 3071
833017692 3072
833025924 3073
833030138 3074
833043564 3075
852479643 3076
852763122 3077
852820285 3078
853238466 3079
853428443 3080
853514696 3081
854861445 3082
854883067 3083
855147657 3084
855211157 3085
855493136 3086
855630800 3087
855638407 3088
856549718 3089
856662567 3090
856666448 3091
856670426 3092
857235574 3093
857538779 3094
857715717 3095
858453703 3096
858587718 3097
858604252 3098
858604499 3099
858608636 3100
858730688 3101
858738615 3102
858906840 3103
858907062 3104
858928511 3105
858933153 3106
859083245 3107
859265651 3108
859269976 3109
859277690 3110
859277955 3111
859377417 3112
859554255 3113
859619198 3114
859665971 3115
859666136 3116
859688555 3117
859714144 3118
859977121 3119
860305498 3120
860314660 3121
860318176 3122
861005020 3123
861065482 3124
861073717 3125
861078616 3126
861251942 3127
861708626 3128
861769826 3129
862014446 3130
862023125 3131
862036858 3132
862386599 3133
862697175 3134
862705302 3135
862705904 3136
862722715 3137
862787861 3138
863024591 3139
863059358 3140
863460836 3141
863496317 3142
863698974 3143
863711565 3144
863728315 3145
863815503 3146
863841743 3147
864048288 3148
864048361 3149
864048523 3150
864070221 3151
864073833 3152
864074389 3153
864082741 3154
864169621 3155
864385219 3156
864411332 3157
864738493 3158
881220948 3159
882580620 3160
883121695 3161
883177120 3162
884123412 3163
884204783 3164
884273795 3165
884484964 3166
884498779 3167
884782757 3168
884921013 3169
885253534 3170
885257938 3171
885262090 3172
885262118 3173
885262311 3174
885603106 3175
886259327 3176
886328403 3177
886552797 3178
887015314 3179
887247648 3180
887278376 3181
887373885 3182
887377287 3183
887640858 3184
887921032 3185
888577052 3186
888577071 3187
888935605 3188
889975909 3189
890197225 3190
890287086 3191
890352070 3192
890619489 3193
890671753 3194
890709439 3195
890801251 3196
891349160 3197
891663788 3198
891689909 3199
891771553 3200
892109219 3201
892376241 3202
892376720 3203
892385258 3204
892398461 3205
892794705 3206
892997744 3207
893080047 3208
893136529 3209
893136905 3210
893338771 3211
893460787 3212
893490555 3213
893710296 3214
893723183 3215
893741163 3216
893858151 3217
894020730 3218
894168625 3219
894172798 3220
894362173 3221
894380152 3222
894422413 3223
894500674 3224
894534421 3225
894539977 3226
894551935 3227
894702888 3228
894707517 3229
894849965 3230
894867675 3231
895091952 3232
895186781 3233
895441451 3234
895535909 3235
895778605 3236
912583959 3237
912951014 3238
913810052 3239
914466864 3240
914665176 3241
914846465 3242
914850280 3243
915273417 3244
915299337 3245
915605802 3246
915605943 3247
915610561 3248
915615021 3249
915623395 3250
915627746 3251
915913039 3252
915946994 3253
915960293 3254
915960391 3255
916228169 3256
916288408 3257
916296860 3258
916318415 3259
916569113 3260
916629686 3261
916655865 3262
917708225 3263
917727045 3264
917919724 3265
918624025 3266
918969339 3267
919168397 3268
919448450 3269
919624822 3270
919672588 3271
919763043 3272
920057227 3273
920091866 3274
920108605 3275
920652764 3276
920738998 3277
920951427 3278
920994088 3279
920994194 3280
921015773 3281
921115029 3282
921132358 3283
921438848 3284
921456248 3285
921456312 3286
921667198 3287
921757789 3288
921814579 3289
922012309 3290
922064306 3291
922069357 3292
922073305 3293
922138567 3294
922146751 3295
922302296 3296
922465929 3297
922733254 3298
922815552 3299
922992588 3300
923027316 3301
923131004 3302
923415956 3303
923437549 3304
924049792 3305
924429714 3306
924737391 3307
924788221 3308
925228998 3309
925465972 3310
925548084 3311
925789667 3312
925803065 3313
925824977 3314
925876806 3315
925880305 3316
925885748 3317
926238920 3318
945354221 3319
945894581 3320
946300206 3321
946300310 3322
946990515 3323
947357688 3324
947391929 3325
947573616 3326
947681574 3327
947685488 3328
947685653 3329
947858895 3330
947898091 3331
948260484 3332
948997964 3333
949313055 3334
949347931 3335
950003666 3336
950349500 3337
950659823 3338
950768550 3339
951165633 3340
951381283 3341
951398596 3342
951645198 3343
951670988 3344
951727279 3345
951738965 3346
951842874 3347
952154184 3348
952158884 3349
952166744 3350
952374245 3351
952525648 3352
952723817 3353
952724101 3354
952736870 3355
952836562 3356
953103667 3357
953755666 3358
953764033 3359
953855039 3360
954126293 3361
954187572 3362
954222134 3363
955464899 3364
955888209 3365
956212778 3366
956518968 3367
956519212 3368
956575157 3369
956575249 3370
956799330 3371
956799414 3372
956820619 3373
956820684 3374
957136611 3375
957157217 3376
957485415 3377
957490056 3378
957856547 3379
958197533 3380
974456295 3381
976934253 3382
976964834 3383
977002744 3384
977006924 3385
977046327 3386
977335062 3387
977338882 3388
977339225 3389
977339390 3390
977352235 3391
977736804 3392
978056035 3393
978366493 3394
978681977 3395
978971398 3396
979052812 3397
980684732 3398
980697872 3399
981129593 3400
981333558 3401
982079951 3402
982148129 3403
982416230 3404
982540894 3405
982718586 3406
982722899 3407
982856062 3408
983063787 3409
983460640 3410
983759126 3411
983767417 3412
983771898 3413
983888897 3414
983905050 3415
984799376 3416
984833702 3417
985481222 3418
985481565 3419
985485221 3420
985805061 3421
985822469 3422
986094132 3423
986098785 3424
986621628 3425
986828383 3426
986879849 3427
986974738 3428
987117151 3429
987190785 3430
987272562 3431
987833765 3432
987834099 3433
987877232 3434
987942060 3435
988269593 3436
988291460 3437
988567837 3438
988909130 3439
