1001453586 1
1003474104 2
1003474283 3
1003478461 4
1003504512 5
1003837184 6
1004514584 7
1004514714 8
1004527604 9
1004527691 10
1004527700 11
1005119041 12
1005174931 13
1005179264 14
1005179377 15
1005520576 16
1006258344 17
1007432816 18
1016114585 19
1016118449 20
1016118651 21
1016122913 22
1016123127 23
1016166622 24
1016166928 25
1016459595 26
1016805008 27
1016835041 28
1016839809 29
1017819398 30
1017880794 31
1017992752 32
1018164997 33
1018510191 34
1019024473 35
1019347828 36
1034197968 37
1034198388 38
1035557785 39
1035562328 40
1036546847 41
1036559440 42
1036559490 43
1036563762 44
1037293275 45
1046812283 46
1046816660 47
1047153433 48
1047157746 49
1047157958 50
1047183897 51
1047210325 52
1047489962 53
1047525093 54
1047835635 55
1048004460 56
1048172314 57
1048207713 58
1048215779 59
1048517845 60
1048854479 61
1049549402 62
1049549412 63
1050249677 64
1050585709 65
1051630846 66
1064891781 67
1067598881 68
1068272038 69
1068276312 70
1068613227 71
1068613231 72
1068613282 73
1068617431 74
1068954342 75
1068954391 76
1068958593 77
1068958652 78
1069295816 79
1069295830 80
1070332560 81
1072063538 82
1077847238 83
1077851524 84
1077851551 85
1078007730 86
1078525257 87
1078534091 88
1078534115 89
1078572735 90
1078693835 91
1078874826 92
1078875017 93
1079215685 94
1079707882 95
1080566792 96
1080579786 97
1080579985 98
1080580151 99
1081086613 100
1081434698 101
1081767446 102
1096919756 103
1097265345 104
1100675450 105
1100675497 106
1101012503 107
1101353948 108
1108541296 109
1108545472 110
1108545599 111
1109223365 112
1109568528 113
1109568718 114
1109957857 115
1110298200 116
1110307501 117
1110640084 118
1110937445 119
1110972158 120
1110985490 121
1111278454 122
1111615136 123
1111947403 124
1112125413 125
1127604950 126
1127941858 127
1129323248 128
1130687130 129
1131840673 130
1139667240 131
1139724251 132
1139724263 133
1139921468 134
1139921865 135
1140603698 136
1140655376 137
1140655624 138
1140950118 139
1140996390 140
1141000881 141
1141006088 142
1141009503 143
1141009899 144
1141010036 145
1141268794 146
1141290695 147
1141290835 148
1141324564 149
1141328881 150
1141329053 151
1141329227 152
1141337518 153
1141337557 154
1141337605 155
1141337629 156
1141337663 157
1141337757 158
1141342258 159
1141342260 160
1141342299 161
1141346217 162
1141346308 163
1141346462 164
1141346472 165
1141350537 166
1141630854 167
1141631198 168
1141631240 169
1141636055 170
1141636389 171
1141674495 172
1141678637 173
1141678665 174
1141678931 175
1141678948 176
1141682748 177
1141687128 178
1141687352 179
1141691881 180
1141692008 181
1141972158 182
1141972202 183
1141976953 184
1141977014 185
1141977071 186
1142011140 187
1142019737 188
1142019868 189
1142019878 190
1142024290 191
1142028710 192
1142356511 193
1142356576 194
1142360528 195
1142365351 196
1142658717 197
1142706421 198
1142994933 199
1143332046 200
1143340753 201
1143677310 202
1143686159 203
1159321889 204
1161731111 205
1162063500 206
1162399882 207
1164113870 208
1165465632 209
1169657925 210
1169661785 211
1169989698 212
1169989859 213
1169993905 214
1169999059 215
1170072753 216
1170076975 217
1170077088 218
1170077089 219
1170322501 220
1170326256 221
1170326295 222
1170335262 223
1170344185 224
1170348225 225
1170400248 226
1170404875 227
1170412847 228
1170413055 229
1170413092 230
1170413110 231
1170413179 232
1170413285 233
1170413293 234
1170413425 235
1170413431 236
1170417462 237
1170417467 238
1170417562 239
1170417693 240
1170417710 241
1170606692 242
1170667130 243
1170749579 244
1170753442 245
1170753611 246
1170753858 247
1170753959 248
1170754031 249
1170757913 250
1170757967 251
1170758186 252
1170762668 253
1171095158 254
1171104028 255
1171280441 256
1171431567 257
1171436073 258
1171617407 259
1171621616 260
1171621682 261
1171690432 262
1171704378 263
1171759765 264
1171772286 265
1171785552 266
1172031461 267
1172044382 268
1172053274 269
1172363878 270
1172372291 271
1172372382 272
1172372655 273
1172385513 274
1172441674 275
1172446050 276
1172446164 277
1172665846 278
1172670463 279
1172704683 280
1172713514 281
1172713521 282
1172730733 283
1172774470 284
1172796014 285
1173007139 286
1173011450 287
1173016042 288
1173045815 289
1173054679 290
1173063302 291
1173067651 292
1173072129 293
1173076392 294
1173076523 295
1173347968 296
1173391076 297
1173408617 298
1173417505 299
1173732234 300
1173745220 301
1173745330 302
1173745411 303
1173753977 304
1173814525 305
1174008477 306
1174077762 307
1174384118 308
1174410293 309
1174712037 310
1175070762 311
1190339995 312
1190340083 313
1191392918 314
1196854070 315
1200351169 316
1200351200 317
1200416059 318
1200416127 319
1200429271 320
1200683283 321
1200687716 322
1200687913 323
1200700424 324
1200743767 325
1200743811 326
1200743891 327
1200743892 328
1200748287 329
1200748356 330
1200752926 331
1200753147 332
1200753289 333
1201028519 334
1201032707 335
1201084940 336
1201084988 337
1201085068 338
1201085147 339
1201085163 340
1201089476 341
1201093707 342
1201093782 343
1201792863 344
1202060409 345
1202125326 346
1202397143 347
1202410042 348
1202462198 349
1202470836 350
1202673723 351
1202704262 352
1202737975 353
1202746942 354
1203066201 355
1203066222 356
1203066401 357
1203070528 358
1203420037 359
1203424360 360
1203433388 361
1203696415 362
1203709763 363
1203735428 364
1203756972 365
1203769621 366
1203769862 367
1203774485 368
1203774508 369
1203779116 370
1203783013 371
1204076441 372
1204124270 373
1204124281 374
1204175835 375
1204391417 376
1204443547 377
1204447548 378
1204547624 379
1204775735 380
1204784216 381
1204875505 382
1205090786 383
1205225146 384
1205453648 385
1206114100 386
1224137476 387
1224137495 388
1227534920 389
1231299343 390
1231441917 391
1231445949 392
1231446153 393
1231446378 394
1231450750 395
1231454981 396
1231459229 397
1231631777 398
1231718414 399
1231735257 400
1231744096 401
1231774505 402
1231778487 403
1231778565 404
1231787352 405
1231795989 406
1231800234 407
1232115209 408
1232141286 409
1232456585 410
1232654731 411
1233428010 412
1233436396 413
1233436426 414
1233436479 415
1233492573 416
1233501275 417
1233505806 418
1233703950 419
1233773217 420
1234226967 421
1234230912 422
1234386037 423
1234472633 424
1234481054 425
1234567424 426
1234571701 427
1234571727 428
1234571750 429
1234731487 430
1234800242 431
1234809285 432
1234904294 433
1234912616 434
1235115629 435
1235150293 436
1235750394 437
1236073998 438
1236419435 439
1236816635 440
1237814053 441
1261976425 442
1261989183 443
1262412229 444
1262424913 445
1262472724 446
1262476815 447
1262476941 448
1262477136 449
1262485643 450
1262485663 451
1262485710 452
1262485726 453
1262485740 454
1262485769 455
1262493935 456
1262494221 457
1262494423 458
1262498815 459
1262744824 460
1262809198 461
1262809316 462
1262809506 463
1262813853 464
1262817736 465
1262817992 466
1262822280 467
1262830840 468
1263098627 469
1263115934 470
1263150527 471
1263491233 472
1263832477 473
1264186300 474
1264371970 475
1265157632 476
1265261256 477
1265261328 478
1265261373 479
1265261383 480
1265852784 481
1266478519 482
1266832645 483
1266871604 484
1267164975 485
1267868586 486
1268861712 487
1289618098 488
1293451424 489
1293507172 490
1293507235 491
1293507539 492
1293511634 493
1293511688 494
1293511697 495
1293511727 496
1293516024 497
1293516188 498
1293524706 499
1293524890 500
1293524918 501
1293843986 502
1293844055 503
1293844319 504
1293848435 505
1293848553 506
1293852898 507
1293852908 508
1293878803 509
1293878882 510
1294185362 511
1294206758 512
1294465669 513
1294534661 514
1294543524 515
1295225451 516
1295501882 517
1295566429 518
1295847315 519
1295855722 520
1295955716 521
1296287376 522
1296291825 523
1296296160 524
1296524721 525
1297202769 526
1297556652 527
1297815807 528
1313496027 529
1324218580 530
1324222950 531
1324542324 532
1324551005 533
1324555206 534
1324559671 535
1324563972 536
1324564234 537
1324904932 538
1325073331 539
1325245970 540
1325250418 541
1326618995 542
1326623074 543
1326813363 544
1327494939 545
1327831724 546
1327831994 547
1328505485 548
1328513713 549
1328522741 550
1330275332 551
1354411526 552
1357999210 553
1358158733 554
1359212271 555
1359553384 556
1360308607 557
1376203864 558
1387497141 559
1387575003 560
1387579390 561
1387583729 562
1387583807 563
1388585088 564
1389189176 565
1390618359 566
1390942076 567
1390946364 568
1391969347 569
1392655948 570
1418273110 571
1418351262 572
1418618235 573
1418976540 574
1419019956 575
1420306364 576
1420651734 577
1420966843 578
1421666260 579
1442819296 580
1449662010 581
1449670372 582
1450011431 583
1450011990 584
1450581687 585
1451341240 586
1451695303 587
1451699682 588
1452317118 589
1484076853 590
1515418525 591
1536947502 592
1573792824 593
1609542060 594
1630051981 595
1639243580 596
1640594274 597
1670265016 598
1670934213 599
1692817033 600
1693154060 601
1700937093 602
1700946301 603
1702306047 604
1703683361 605
1727979406 606
1728315957 607
1733677514 608
1734350788 609
1734350908 610
1734420152 611
1755556097 612
1756579280 613
1764091241 614
1788300760 615
1793014716 616
1793351401 617
1796817841 618
1796818119 619
1797505019 620
1818307672 621
1825085656 622
1827473315 623
1827516355 624
1827861966 625
1828206773 626
1850706912 627
1850711304 628
1851061177 629
1851389175 630
1851393805 631
1856820042 632
1857148391 633
1857825571 634
1858171399 635
1881751117 636
1882083076 637
1887163927 638
1887872301 639
1888178718 640
1888213190 641
1888572074 642
1889253763 643
1889253785 644
1912777226 645
1912789965 646
1914140664 647
1914823337 648
1914823414 649
1917188956 650
1943811736 651
1944502935 652
1944507292 653
1975187675 654
1975878958 655
1977579449 656
1977916288 657
200326126 658
2010992546 659
2064165421 660
2069648663 661
2101391269 662
2166133204 663
264083994 664
268725517 665
268731005 666
294436967 667
295478082 668
298595394 669
299613480 670
300968622 671
300972942 672
301309622 673
301314150 674
301314154 675
301314208 676
301318641 677
326119769 678
326159907 679
327499164 680
328213824 681
328253133 682
328533761 683
328542218 684
328546871 685
328611004 686
328861282 687
329435390 688
329566174 689
330268940 690
330661529 691
331662668 692
331662710 693
331662717 694
331999156 695
331999213 696
332003372 697
332003629 698
332003730 699
332003895 700
332003899 701
332007728 702
332008063 703
332008082 704
332340127 705
332340236 706
332344539 707
332344592 708
332344670 709
332344760 710
332344908 711
332349228 712
332349327 713
332353106 714
332353336 715
332353438 716
332353566 717
332685594 718
332685751 719
332685755 720
332689776 721
332690153 722
333030976 723
333031114 724
333035349 725
333039671 726
354775482 727
354779890 728
355086967 729
356818390 730
356818551 731
357146296 732
357573154 733
359287673 734
359586213 735
359598627 736
359974171 737
360941147 738
362689128 739
362693077 740
362693473 741
362697657 742
362701764 743
362701875 744
362701895 745
362701969 746
363029976 747
363030024 748
363030040 749
363034174 750
363034211 751
363034407 752
363034501 753
363038752 754
363038831 755
363042781 756
363047222 757
363370708 758
363370913 759
363371001 760
363375247 761
363375408 762
363375475 763
363379387 764
363384083 765
363384090 766
363384138 767
363387921 768
363716151 769
363716303 770
363716362 771
363724985 772
363724996 773
363725096 774
363725201 775
363725228 776
363729312 777
363729314 778
363733406 779
364061776 780
364066029 781
364070309 782
364070517 783
364407023 784
364411143 785
385132611 786
385158577 787
386829647 788
387512128 789
387568523 790
387870860 791
388881226 792
389195896 793
389205204 794
389210230 795
390590450 796
390603428 797
392368893 798
393383025 799
393387426 800
393736822 801
393766777 802
394060556 803
394060620 804
394064790 805
394069210 806
394073547 807
394077610 808
394081878 809
394397189 810
394401778 811
394414724 812
394414783 813
394418743 814
394427392 815
394755376 816
394755632 817
394755645 818
394755742 819
394755782 820
394759626 821
394759837 822
394764082 823
394768379 824
395105113 825
415494049 826
415511327 827
415826533 828
415835070 829
415835178 830
415848195 831
415848228 832
415852518 833
415908516 834
416189410 835
416189500 836
416508862 837
416837168 838
417221397 839
417558532 840
420696828 841
422725634 842
423382015 843
423774471 844
424754530 845
424767514 846
424789697 847
425086839 848
425086851 849
425104113 850
425104178 851
425104216 852
425112506 853
425276848 854
425431837 855
425436170 856
425445301 857
425768768 858
425768822 859
426139965 860
426464004 861
426477089 862
426818061 863
446533552 864
446826981 865
446848967 866
446883390 867
447219992 868
447224575 869
447599745 870
448204394 871
448942604 872
449244969 873
453053044 874
453380528 875
454252960 876
454335501 877
455159380 878
455431209 879
455793621 880
455793743 881
455793827 882
456121649 883
456134692 884
456174330 885
456458549 886
456462835 887
456462919 888
456467162 889
456808311 890
456820863 891
456846996 892
457175171 893
457196643 894
457507485 895
476545134 896
477262101 897
477572961 898
477861840 899
477896729 900
477900945 901
477900959 902
477909602 903
477909679 904
477909698 905
478250407 906
478250482 907
478613576 908
478660968 909
479935033 910
480315387 911
480331310 912
480590566 913
480997558 914
481359062 915
482762280 916
484130600 917
484350664 918
484368420 919
484735678 920
485132675 921
486073415 922
486815976 923
486837442 924
487143497 925
487144598 926
487160828 927
487489028 928
487489064 929
487493197 930
487501700 931
487834111 932
487834131 933
487834179 934
487847296 935
487899562 936
487925037 937
487925063 938
488179585 939
488179878 940
488184014 941
488188560 942
488205572 943
488520820 944
488533722 945
488559952 946
507243409 947
507260559 948
507592981 949
508292573 950
508599181 951
508599194 952
508599211 953
508599271 954
508599276 955
508616471 956
508689623 957
508918609 958
508935964 959
508939879 960
508939914 961
508940291 962
508940292 963
508949033 964
509013752 965
509264220 966
509695478 967
509700197 968
509928512 969
510049477 970
511271574 971
511349908 972
511681569 973
512023157 974
512765910 975
513451621 976
515385637 977
516055524 978
517207902 979
517506265 980
517510393 981
517514142 982
517514588 983
517518166 984
517838849 985
517847127 986
517850316 987
517854468 988
517858947 989
517871837 990
518187118 991
518191547 992
518195738 993
518212987 994
518528152 995
518532490 996
518864844 997
518864924 998
518869381 999
518869459 1000
518873469 1001
518873604 1002
518882016 1003
518899665 1004
518930199 1005
519206240 1006
519210172 1007
519214622 1008
519214895 1009
519218919 1010
519223027 1011
519223428 1012
519227414 1013
519232054 1014
519555690 1015
519564501 1016
519573099 1017
519573128 1018
519581562 1019
519620935 1020
519900699 1021
519905418 1022
537945877 1023
538282782 1024
538308362 1025
538602138 1026
538653955 1027
538908474 1028
538951958 1029
539249493 1030
539586554 1031
539949478 1032
539949536 1033
539975118 1034
539975122 1035
539983731 1036
540001084 1037
540389646 1038
540389734 1039
540730639 1040
540730657 1041
540730738 1042
541007502 1043
542039038 1044
542315097 1045
542371432 1046
542376096 1047
542634818 1048
543365264 1049
543692985 1050
543702186 1051
544021095 1052
544107335 1053
544158940 1054
544361987 1055
544383511 1056
545385576 1057
547552266 1058
548549000 1059
548549395 1060
548552875 1061
548552915 1062
548553386 1063
548553494 1064
548872750 1065
548878145 1066
548885313 1067
548885407 1068
548889938 1069
548894251 1070
548898403 1071
548898520 1072
549219101 1073
549222167 1074
549226277 1075
549230949 1076
549248200 1077
549567614 1078
549571627 1079
549572017 1080
549576117 1081
549576424 1082
549610772 1083
549899821 1084
549904227 1085
549904387 1086
549908737 1087
549916869 1088
549917317 1089
549955973 1090
550245056 1091
550271272 1092
550408954 1093
550598935 1094
550599514 1095
550944712 1096
550944744 1097
551113395 1098
551445253 1099
551790504 1100
551790913 1101
568635279 1102
569002579 1103
569278689 1104
569313277 1105
569317846 1106
569334986 1107
569615641 1108
569650323 1109
569939107 1110
569943419 1111
569999973 1112
570288900 1113
570314896 1114
570327880 1115
570336412 1116
570336487 1117
570643102 1118
570643109 1119
570643135 1120
570643193 1121
570647225 1122
570647366 1123
570647526 1124
570742510 1125
570742527 1126
570742599 1127
570997147 1128
571044587 1129
571424323 1130
571424636 1131
571424650 1132
571424748 1133
571778381 1134
571778433 1135
573056433 1136
573065577 1137
573329304 1138
573333284 1139
573333835 1140
573381453 1141
573402255 1142
573410968 1143
573414575 1144
573708714 1145
574032862 1146
574037266 1147
574037281 1148
574037479 1149
574374051 1150
574377562 1151
574377845 1152
574688051 1153
574965048 1154
576825965 1155
578694777 1156
579583329 1157
579587796 1158
579592279 1159
579592619 1160
579912201 1161
579916831 1162
579924731 1163
579928928 1164
580317662 1165
580598373 1166
580610916 1167
580611301 1168
580934661 1169
580947602 1170
580951922 1171
581293182 1172
5812978878 1173
5812979015 1174
5812979016 1175
5812979026 1176
5812979069 1177
5812979119 1178
5812979121 1179
5812979128 1180
5812979133 1181
5812979156 1182
5812979168 1183
5812979170 1184
5812979172 1185
5812979175 1186
5812979176 1187
5812979177 1188
5812979187 1189
5812979188 1190
5812979191 1191
5812979196 1192
5812979197 1193
5812979254 1194
5812979263 1195
5812979271 1196
5812979287 1197
5812979289 1198
5812979291 1199
5812979292 1200
5812979298 1201
5812979301 1202
5812979306 1203
5812979307 1204
5812979308 1205
5812979309 1206
5812979311 1207
5812979312 1208
5812979314 1209
5812979326 1210
5812979371 1211
5812979408 1212
5812979494 1213
5812979502 1214
5812979531 1215
5812979532 1216
5812979558 1217
5812979560 1218
5812979619 1219
5812979634 1220
5812979635 1221
5812979639 1222
5812979667 1223
5812979693 1224
5812980016 1225
5812980179 1226
5812980192 1227
5812980207 1228
5812980209 1229
5812980212 1230
5812980219 1231
5812980220 1232
5812980222 1233
5812980282 1234
5812980289 1235
5812980351 1236
5812980369 1237
5812980370 1238
5812980376 1239
5812980378 1240
5812980379 1241
5812980386 1242
5812980393 1243
5812980395 1244
5812980397 1245
5812980398 1246
5812980404 1247
5812980408 1248
5812980410 1249
5812980414 1250
5812980425 1251
5812980426 1252
5812980428 1253
5812980432 1254
5812980438 1255
5812980444 1256
5812980446 1257
5812980448 1258
5812980537 1259
5812980555 1260
5812980557 1261
5812980561 1262
5812980566 1263
5812980567 1264
5812980569 1265
5812980579 1266
5812980580 1267
5812980588 1268
5812980590 1269
5812980593 1270
5812980594 1271
5812980597 1272
5812980599 1273
5812980600 1274
5812980611 1275
5812980615 1276
5812980618 1277
5812980624 1278
5812980638 1279
5812980662 1280
5812980768 1281
5812980787 1282
5812980792 1283
5812980796 1284
5812980798 1285
5812980799 1286
5812980802 1287
5812980803 1288
5812980806 1289
5812980811 1290
5812980813 1291
5812980892 1292
5812980931 1293
5812980934 1294
5812980938 1295
5812980940 1296
5812980944 1297
5812980947 1298
5812980965 1299
5812980973 1300
5812980977 1301
5812980992 1302
5812981038 1303
5812981039 1304
5812981042 1305
5812981046 1306
5812981058 1307
5812981068 1308
5812981071 1309
5812981072 1310
5812981086 1311
5812981104 1312
5812981106 1313
5812981109 1314
5812981120 1315
5812981127 1316
5812981136 1317
5812981141 1318
5812981142 1319
5812981148 1320
5812981153 1321
5812981154 1322
5812981160 1323
5812981164 1324
5812981227 1325
5812981264 1326
5812981270 1327
5812981274 1328
5812981275 1329
5812981277 1330
5812981279 1331
5812981290 1332
5812981308 1333
5812981318 1334
5812981320 1335
5812981322 1336
5812981327 1337
5812981332 1338
5812981333 1339
5812981339 1340
5812981340 1341
5812981341 1342
5812981348 1343
5812981357 1344
5812981359 1345
5812981361 1346
5812981363 1347
5812981365 1348
5812981373 1349
5812981379 1350
5812981381 1351
5812981390 1352
5812981399 1353
5812981400 1354
5812981401 1355
5812981432 1356
5812981441 1357
5812981467 1358
5812981543 1359
5812981553 1360
5812981563 1361
5812981564 1362
5812981569 1363
5812981570 1364
5812981578 1365
5812981581 1366
5812981582 1367
5812981586 1368
5812981590 1369
5812981602 1370
5812981607 1371
5812981616 1372
5812981618 1373
5812981619 1374
5812981641 1375
5812981643 1376
5812981654 1377
5812981667 1378
5812981669 1379
5812981670 1380
5812981671 1381
5812981673 1382
5812981676 1383
5812981679 1384
5812981680 1385
5812981689 1386
5812981690 1387
5812981702 1388
5812981703 1389
5812981704 1390
5812981706 1391
5812981717 1392
5812981763 1393
5812981796 1394
5812981797 1395
5812981800 1396
5812981816 1397
5812981853 1398
5812981858 1399
5812981895 1400
5812981924 1401
5812981932 1402
5812981943 1403
5812981944 1404
5812981947 1405
5812981950 1406
5812981951 1407
5812981960 1408
5812981961 1409
5812981962 1410
5812981965 1411
5812981970 1412
5812981971 1413
5812981978 1414
5812981986 1415
5812981989 1416
5812981990 1417
5812982000 1418
5812982011 1419
5812982012 1420
5812982017 1421
5812982020 1422
5812982086 1423
5812982087 1424
5812982088 1425
5812982091 1426
5812982118 1427
5812982120 1428
5812982145 1429
5812982149 1430
5812982154 1431
5812982162 1432
5812982168 1433
5812982177 1434
5812982192 1435
5812982198 1436
5812982200 1437
5812982204 1438
5812982205 1439
5812982211 1440
5812982216 1441
5812982220 1442
5812982252 1443
5812982273 1444
5812982316 1445
5812982328 1446
5812982329 1447
5812982347 1448
5812982350 1449
5812982371 1450
5812982372 1451
5812982374 1452
5812982388 1453
5812982389 1454
5812982390 1455
5812982397 1456
5812982403 1457
5812982420 1458
5812982421 1459
5812982422 1460
5812982426 1461
5812982429 1462
5812982430 1463
5812982436 1464
5812982437 1465
5812982442 1466
5812982466 1467
5812982470 1468
5812982471 1469
5812982490 1470
5812982492 1471
5812982505 1472
5812982506 1473
5812982514 1474
5812982520 1475
5812982521 1476
5812982529 1477
5812982530 1478
5812982532 1479
5812982547 1480
5812982556 1481
5812982562 1482
5812982566 1483
5812982577 1484
5812982578 1485
5812982579 1486
5812982589 1487
5812982594 1488
5812982602 1489
5812982610 1490
5812982620 1491
5812982657 1492
5812982692 1493
5812982694 1494
5812982706 1495
5812982725 1496
5812982727 1497
5812982760 1498
5812982761 1499
5812982766 1500
5812982779 1501
5812982780 1502
5812982782 1503
5812982795 1504
5812982802 1505
5812982803 1506
5812982823 1507
5812982825 1508
5812982826 1509
5812982832 1510
5812982837 1511
5812982871 1512
5812982872 1513
5812982874 1514
5812982875 1515
5812982876 1516
5812982877 1517
5812982925 1518
5812982999 1519
5812983003 1520
5812983006 1521
5812983009 1522
5812983012 1523
5812983023 1524
5812983028 1525
5812983038 1526
5812983042 1527
5812983043 1528
5812983101 1529
5812983106 1530
5812983107 1531
5812983112 1532
5812983114 1533
5812983131 1534
5812983133 1535
5812983134 1536
5812983147 1537
5812983152 1538
5812983166 1539
5812983174 1540
5812983192 1541
5812983199 1542
5812983200 1543
5812983206 1544
5812983213 1545
5812983268 1546
5812983272 1547
5812983298 1548
5812983302 1549
5812983303 1550
5812983309 1551
5812983310 1552
5812983319 1553
5812983321 1554
5812983322 1555
5812983323 1556
5812983328 1557
5812983330 1558
5812983337 1559
5812983345 1560
5812983346 1561
5812983383 1562
5812983399 1563
5812983418 1564
5812983423 1565
5812983427 1566
5812983429 1567
5812983438 1568
5812983451 1569
5812983454 1570
5812983455 1571
5812983522 1572
5812983528 1573
5812983533 1574
5812983544 1575
5812983569 1576
5812983571 1577
5812983575 1578
5812983576 1579
5812983578 1580
5812983579 1581
5812983608 1582
5812983645 1583
5812983646 1584
5812983657 1585
5812983658 1586
5812983673 1587
5812983745 1588
5812983827 1589
5812983837 1590
5812983851 1591
5812983861 1592
5812983866 1593
5812983869 1594
5812983871 1595
5812983898 1596
5812983899 1597
5812983903 1598
5812983942 1599
5812984045 1600
5812987762 1601
5812989173 1602
5812989588 1603
5812996052 1604
5812997518 1605
5813000276 1606
5813010180 1607
5813010617 1608
5813011555 1609
5813011660 1610
5813011717 1611
5813011738 1612
5813014858 1613
5813016743 1614
5813017508 1615
5813019513 1616
5813019543 1617
5813019607 1618
5813019609 1619
5813019763 1620
5813019770 1621
5813019772 1622
5813019774 1623
5813019779 1624
5813019801 1625
5813019807 1626
5813019850 1627
5813019908 1628
5813019917 1629
5813019976 1630
5813019982 1631
5813020041 1632
5813020046 1633
5813020047 1634
5813020052 1635
5813020057 1636
5813020061 1637
5813020068 1638
5813020089 1639
5813020132 1640
5813020271 1641
5813020274 1642
5813020288 1643
5813020424 1644
5813020473 1645
5813020491 1646
5813020493 1647
5813020673 1648
5813020828 1649
5813020830 1650
5813020831 1651
5813020988 1652
5813021016 1653
5813021017 1654
5813021019 1655
5813021023 1656
5813021033 1657
5813021135 1658
5813021174 1659
5813021183 1660
5813021251 1661
5813021261 1662
5813021263 1663
5813021273 1664
5813021275 1665
5813021277 1666
5813021289 1667
5813021291 1668
5813021292 1669
5813021294 1670
5813021296 1671
5813021301 1672
5813021303 1673
5813021304 1674
5813021311 1675
5813021312 1676
5813021313 1677
5813021314 1678
5813021315 1679
5813021316 1680
5813021319 1681
5813021326 1682
5813021332 1683
5813021336 1684
5813021341 1685
5813021363 1686
5813021379 1687
5813021380 1688
5813021382 1689
5813021386 1690
5813021397 1691
5813021399 1692
5813021400 1693
5813021401 1694
5813021404 1695
5813021411 1696
5813021415 1697
5813021417 1698
5813021441 1699
5813021446 1700
5813021447 1701
5813021449 1702
5813021452 1703
5813021463 1704
5813021464 1705
5813021465 1706
5813021469 1707
5813021471 1708
5813021474 1709
5813021482 1710
5813021615 1711
5813021642 1712
5813021645 1713
5813021647 1714
5813021659 1715
5813021666 1716
5813021736 1717
5813021748 1718
5813021766 1719
5813021772 1720
5813021778 1721
5813021779 1722
5813021781 1723
5813021786 1724
5813021788 1725
5813021792 1726
5813021799 1727
5813021805 1728
5813021806 1729
5813021808 1730
5813021809 1731
5813021812 1732
5813021822 1733
5813021829 1734
5813021832 1735
5813021844 1736
5813021848 1737
5813021856 1738
5813021865 1739
5813021899 1740
5813021922 1741
5813021989 1742
5813021999 1743
5813022037 1744
5813022042 1745
5813022049 1746
5813022050 1747
5813022054 1748
5813022060 1749
5813022076 1750
5813022117 1751
5813022119 1752
5813022133 1753
5813022175 1754
5813022201 1755
5813022203 1756
5813022207 1757
5813022210 1758
5813022212 1759
5813022232 1760
5813022234 1761
5813022239 1762
5813022267 1763
5813022341 1764
5813022352 1765
5813022404 1766
5813022424 1767
5813022896 1768
5813024601 1769
5813024710 1770
5813024712 1771
5813024799 1772
5813027400 1773
5813027460 1774
5813027518 1775
5813027584 1776
5813027592 1777
5813027704 1778
5813027747 1779
5813032245 1780
5813032504 1781
5813032512 1782
5813032514 1783
5813032541 1784
5813032552 1785
5813032554 1786
5813032694 1787
5813032702 1788
5813032734 1789
5813032759 1790
5813032771 1791
5813032782 1792
5813032811 1793
5813032813 1794
5813032868 1795
5813032874 1796
5813032876 1797
5813032887 1798
5813032896 1799
5813032900 1800
5813032943 1801
5813032946 1802
5813032967 1803
5813032997 1804
5813033000 1805
5813033009 1806
5813033012 1807
5813033033 1808
5813033059 1809
5813033065 1810
5813033086 1811
5813033125 1812
5813033127 1813
5813033144 1814
5813033208 1815
5813033226 1816
5813033259 1817
5813033267 1818
5813033277 1819
5813033312 1820
5813034571 1821
5813035267 1822
5813035318 1823
5813035558 1824
5813035612 1825
5813035613 1826
5813035700 1827
5813038793 1828
5813038889 1829
5813039235 1830
5813039315 1831
5813039465 1832
5813039471 1833
5813040171 1834
5813040205 1835
5813040515 1836
5813040887 1837
5813040892 1838
5813040941 1839
5813041206 1840
5813042616 1841
5813042659 1842
5813047220 1843
5813047221 1844
5813047662 1845
5813047676 1846
5813047683 1847
5813047774 1848
5813047784 1849
5813047790 1850
5813048214 1851
5813049834 1852
5813049920 1853
5813050727 1854
5813050729 1855
5813050765 1856
5813050818 1857
5813050820 1858
5813052909 1859
5813053821 1860
5813053878 1861
5813053885 1862
5813053886 1863
5813053888 1864
5813053935 1865
5813053937 1866
5813054085 1867
5813054086 1868
5813054342 1869
5813054343 1870
5813054643 1871
5813054697 1872
5813055025 1873
5813055048 1874
5813055147 1875
5813055162 1876
5813055180 1877
5813055184 1878
5813055889 1879
5813055914 1880
5813055916 1881
5813055923 1882
5813055924 1883
5813056020 1884
5813056072 1885
5813056110 1886
5813056120 1887
5813056121 1888
5813056183 1889
5813056205 1890
5813056234 1891
5813056299 1892
5813056300 1893
5813056305 1894
5813056307 1895
5813056309 1896
5813056311 1897
5813056313 1898
5813056327 1899
5813056344 1900
5813056355 1901
5813056372 1902
5813056383 1903
5813056390 1904
5813056395 1905
5813056414 1906
5813057132 1907
5813057187 1908
5813057191 1909
5813057210 1910
5813057213 1911
5813057227 1912
5813057239 1913
5813057468 1914
5813057573 1915
5813057867 1916
5813057869 1917
5813057942 1918
5813057947 1919
5813057956 1920
5813057959 1921
5813058028 1922
5813058048 1923
5813058069 1924
5813058106 1925
5813058163 1926
5813058215 1927
5813058310 1928
5813058320 1929
5813059951 1930
5813060614 1931
5813060643 1932
5813060663 1933
5813060774 1934
5813060776 1935
5813060798 1936
5813060799 1937
5813060811 1938
5813060812 1939
5813060817 1940
5813061044 1941
5813061112 1942
5813061200 1943
5813061212 1944
5813061260 1945
5813061560 1946
5813061597 1947
5813061625 1948
5813061879 1949
5813061888 1950
5813062225 1951
5813062565 1952
5813062617 1953
5813062631 1954
5813062637 1955
5813062645 1956
5813062830 1957
5813062838 1958
5813062842 1959
5813062850 1960
5813062862 1961
5813063140 1962
5813063224 1963
5813063229 1964
5813063239 1965
5813063280 1966
5813063449 1967
5813063527 1968
5813064332 1969
5813064410 1970
5813064427 1971
5813064793 1972
5813065308 1973
5813065443 1974
5813065587 1975
5813067708 1976
5813067728 1977
5813067736 1978
5813067761 1979
5813067765 1980
5813067779 1981
5813067792 1982
5813067793 1983
5813067795 1984
5813067817 1985
5813067826 1986
5813067833 1987
5813067836 1988
5813067858 1989
5813067869 1990
5813068687 1991
5813068690 1992
5813068692 1993
5813068729 1994
5813068743 1995
5813068752 1996
5813068969 1997
5813068984 1998
5813069089 1999
5813069096 2000
5813069114 2001
5813069379 2002
5813069385 2003
5813069792 2004
5813069965 2005
5813069977 2006
5813070270 2007
5813070581 2008
5813070672 2009
5813070872 2010
5813071348 2011
5813071406 2012
5813075020 2013
5813075202 2014
5813075824 2015
5813075855 2016
5813077572 2017
5813077575 2018
5813077579 2019
5813077582 2020
5813077583 2021
5813077589 2022
5813077607 2023
5813077610 2024
5813077611 2025
5813077613 2026
5813077616 2027
5813078053 2028
5813078064 2029
5813078179 2030
5813078323 2031
5813078499 2032
5813078504 2033
5813078507 2034
5813078552 2035
5813078555 2036
5813078595 2037
5813078679 2038
5813078684 2039
5813079004 2040
5813079050 2041
5813079174 2042
5813079228 2043
5813079489 2044
5813080254 2045
5813080343 2046
5813080766 2047
5813081174 2048
5813081175 2049
5813081176 2050
5813081511 2051
5813081797 2052
5813082175 2053
5813082459 2054
5813082811 2055
5813082847 2056
5813083651 2057
5813083719 2058
5813083779 2059
5813083990 2060
5813084505 2061
5813084692 2062
5813085240 2063
5813086212 2064
5813087453 2065
5813087798 2066
5813087817 2067
5813087831 2068
5813088058 2069
5813088767 2070
5813089504 2071
5813089804 2072
5813090605 2073
5813090861 2074
5813090947 2075
5813090976 2076
5813090997 2077
5813091021 2078
5813091211 2079
5813091313 2080
5813091420 2081
5813091744 2082
5813091758 2083
5813092931 2084
5813093014 2085
5813093111 2086
5813093171 2087
5813093544 2088
5813093847 2089
5813094364 2090
5813094592 2091
5813094743 2092
5813095018 2093
5813095238 2094
5813095472 2095
5813095523 2096
5813095915 2097
5813096260 2098
5813096281 2099
5813096528 2100
5813096699 2101
5813097926 2102
5813098738 2103
5813098776 2104
5813099399 2105
5813099783 2106
5813100896 2107
5813101387 2108
5813102642 2109
5813104095 2110
5813104096 2111
5813105172 2112
5813105726 2113
5813106192 2114
5813106497 2115
5813109913 2116
5813109941 2117
5813110152 2118
5813110161 2119
5813110238 2120
5813110459 2121
5813110639 2122
5813110928 2123
5813111042 2124
5813112511 2125
5813113782 2126
5813114253 2127
5813114700 2128
5813114971 2129
5813116530 2130
5813117385 2131
5813123342 2132
5813124740 2133
5813127030 2134
5813128857 2135
5813133407 2136
5813134052 2137
581332573 2138
581336531 2139
581633934 2140
581634271 2141
581678043 2142
582139830 2143
582148591 2144
582355376 2145
5901118896 2146
5901193485 2147
5901193671 2148
5901195498 2149
5901196925 2150
5901197726 2151
5901198074 2152
5901198538 2153
5901198547 2154
5901200337 2155
5901202076 2156
5901202102 2157
5901205770 2158
5901207528 2159
5901208278 2160
5901208549 2161
5901209758 2162
5901213440 2163
5901218930 2164
5901219465 2165
5901221274 2166
5901222910 2167
5901224561 2168
5901225361 2169
5901227104 2170
599674785 2171
600011602 2172
600356751 2173
600365719 2174
600667501 2175
600684832 2176
600689582 2177
600693904 2178
600702348 2179
600702483 2180
600965298 2181
600978553 2182
601047826 2183
601047827 2184
601047853 2185
601302278 2186
601319398 2187
601388689 2188
601712754 2189
601725442 2190
601725569 2191
602118253 2192
602459169 2193
602459213 2194
602459682 2195
602476655 2196
602808843 2197
602809029 2198
602999843 2199
603422422 2200
603785283 2201
604070461 2202
604368022 2203
604709727 2204
606090268 2205
608891515 2206
608926849 2207
609941228 2208
610274029 2209
610618198 2210
610968248 2211
610981555 2212
611300533 2213
611304789 2214
611305085 2215
611309194 2216
611629428 2217
611646050 2218
611646132 2219
611646147 2220
611974080 2221
612323667 2222
612371421 2223
612422902 2224
612440702 2225
612638791 2226
612668833 2227
612669205 2228
612738462 2229
612742248 2230
612755343 2231
613079053 2232
613083375 2233
613398716 2234
613719036 2235
613835634 2236
613847777 2237
630373425 2238
630373497 2239
630377642 2240
630381662 2241
630381893 2242
630714299 2243
630722830 2244
630722941 2245
630722975 2246
630727056 2247
630731599 2248
630748479 2249
631051012 2250
631051057 2251
631055506 2252
631059587 2253
631064055 2254
631374662 2255
631396256 2256
631396453 2257
631396532 2258
631400190 2259
631400288 2260
631400598 2261
631400622 2262
631400693 2263
631422121 2264
631422224 2265
631728731 2266
631733127 2267
631737164 2268
631737330 2269
631737380 2270
631741308 2271
631741483 2272
632013356 2273
632048075 2274
632069728 2275
632069757 2276
632069851 2277
632082635 2278
632086737 2279
632091116 2280
632341464 2281
632397510 2282
632397750 2283
632397780 2284
632397786 2285
632397798 2286
632402333 2287
632734572 2288
632764978 2289
632808044 2290
633144545 2291
633148704 2292
633148716 2293
633148859 2294
633149039 2295
633149202 2296
633498748 2297
633793553 2298
634069028 2299
635062078 2300
635109166 2301
635416407 2302
636594376 2303
636789080 2304
638481581 2305
641653381 2306
641688553 2307
641709938 2308
642335523 2309
642335553 2310
642516892 2311
642664141 2312
642680823 2313
642680826 2314
642680853 2315
642680881 2316
642680969 2317
642681035 2318
642689607 2319
642732835 2320
643142863 2321
643362770 2322
643363111 2323
643501489 2324
643523134 2325
643535876 2326
643703819 2327
644118254 2328
644148647 2329
644417074 2330
644870768 2331
644896959 2332
645090294 2333
645224664 2334
660730340 2335
661076014 2336
661080007 2337
661084049 2338
661395129 2339
661399477 2340
661407917 2341
661408056 2342
661408094 2343
661421129 2344
661430106 2345
661430179 2346
661740600 2347
661740651 2348
661757811 2349
661766416 2350
662081640 2351
662081902 2352
662085486 2353
662085792 2354
662089919 2355
662094168 2356
662103124 2357
662107551 2358
662107593 2359
662409505 2360
662409582 2361
662414157 2362
662418320 2363
662452625 2364
662456848 2365
662461539 2366
662711769 2367
662728826 2368
662754991 2369
662763626 2370
662763904 2371
662767770 2372
662772373 2373
662772393 2374
662776660 2375
662789529 2376
662802782 2377
662806790 2378
662806818 2379
663091787 2380
663130304 2381
663134970 2382
663432544 2383
663493162 2384
663791170 2385
663834152 2386
664141134 2387
664184060 2388
664187932 2389
664188056 2390
664188083 2391
664188108 2392
664188129 2393
664188211 2394
664511977 2395
666135689 2396
666843305 2397
666847851 2398
667266529 2399
667538952 2400
672352543 2401
673029543 2402
673366098 2403
673366263 2404
673370525 2405
673509195 2406
673702721 2407
673715784 2408
673776769 2409
674056647 2410
674056882 2411
674393414 2412
674398014 2413
674519060 2414
674738872 2415
675451588 2416
675468771 2417
675528661 2418
675602461 2419
675763039 2420
676263239 2421
676612729 2422
676616719 2423
691760950 2424
692093440 2425
692110379 2426
692119287 2427
692430198 2428
692434135 2429
692775807 2430
692775814 2431
692792746 2432
692810011 2433
692818786 2434
692818802 2435
693034103 2436
693099031 2437
693099064 2438
693099102 2439
693099142 2440
693112035 2441
693116214 2442
693116396 2443
693121000 2444
693125004 2445
693125078 2446
693133603 2447
693159855 2448
693448777 2449
693453332 2450
693479072 2451
693483018 2452
693500431 2453
693500652 2454
693785353 2455
693785371 2456
693785633 2457
693785740 2458
693785780 2459
693790141 2460
693794431 2461
693837780 2462
693841887 2463
693841929 2464
693846112 2465
694126781 2466
694126800 2467
694139687 2468
694147949 2469
694160985 2470
694174226 2471
694524222 2472
694834412 2473
694839156 2474
694847240 2475
694847248 2476
695862470 2477
696082279 2478
696540624 2479
696829800 2480
696850811 2481
696881909 2482
697132371 2483
697485362 2484
697886966 2485
698508565 2486
698970725 2487
699031185 2488
701923413 2489
702692200 2490
704409534 2491
704409742 2492
704466265 2493
704742082 2494
704746449 2495
704746457 2496
704750475 2497
704750665 2498
704750673 2499
704750742 2500
704750766 2501
704750842 2502
704759205 2503
705082892 2504
705091521 2505
705091769 2506
705091939 2507
705432638 2508
705432922 2509
705774051 2510
706819341 2511
707647321 2512
707660374 2513
7112625241 2514
7112625255 2515
7112625445 2516
7112626196 2517
722450065 2518
722463321 2519
722467632 2520
722467714 2521
722471778 2522
722471825 2523
722817260 2524
722821616 2525
723128414 2526
723153828 2527
723158245 2528
723167312 2529
723469488 2530
723495119 2531
723508068 2532
723508086 2533
723508095 2534
723508162 2535
723810015 2536
723848801 2537
723849351 2538
723853340 2539
724133866 2540
724134138 2541
724134170 2542
724138359 2543
724142845 2544
724151343 2545
724488194 2546
724488362 2547
724522447 2548
724531411 2549
724763999 2550
724816115 2551
724816217 2552
724820565 2553
724820813 2554
724825187 2555
724829211 2556
724867606 2557
724867917 2558
724876683 2559
724885340 2560
725174424 2561
725200110 2562
725217343 2563
725860918 2564
726207450 2565
726551439 2566
727472481 2567
729957687 2568
730562988 2569
731071789 2570
731689147 2571
733036127 2572
733796382 2573
735134301 2574
735282133 2575
735600320 2576
735785459 2577
735785541 2578
735785583 2579
735785639 2580
735785741 2581
735790008 2582
736117977 2583
736122569 2584
736126563 2585
736126644 2586
736126668 2587
736126717 2588
736126732 2589
736126746 2590
736173896 2591
736463614 2592
736467526 2593
736467640 2594
736808522 2595
736808904 2596
736813212 2597
737149820 2598
737149964 2599
737150041 2600
737167616 2601
737491062 2602
739572008 2603
753485486 2604
753489735 2605
753489892 2606
753489951 2607
753506746 2608
753839564 2609
753847960 2610
753852265 2611
753852396 2612
753852432 2613
754150161 2614
754154720 2615
754163207 2616
754184667 2617
754188911 2618
754188980 2619
754197850 2620
754202022 2621
754206396 2622
754473844 2623
754486618 2624
754491144 2625
754525744 2626
754534424 2627
754538763 2628
754538881 2629
754547386 2630
754832123 2631
754854077 2632
754870859 2633
754879354 2634
754883860 2635
754884149 2636
754893183 2637
755173189 2638
755173211 2639
755177787 2640
755177942 2641
755229523 2642
755234235 2643
755518957 2644
755527664 2645
755544921 2646
755851102 2647
755868550 2648
755898463 2649
756196285 2650
756196541 2651
756502912 2652
756567539 2653
756585129 2654
756601858 2655
756870190 2656
756904685 2657
759810119 2658
760570054 2659
760690116 2660
762982753 2661
763730414 2662
765457262 2663
766298734 2664
766820559 2665
766838498 2666
767161652 2667
767161677 2668
767473384 2669
767494105 2670
767502579 2671
767502627 2672
767502639 2673
767502657 2674
767502667 2675
767671354 2676
767852204 2677
768184496 2678
768184604 2679
768184623 2680
768188877 2681
768525593 2682
768525608 2683
768525647 2684
768555687 2685
768884949 2686
769018494 2687
769721865 2688
784204967 2689
784533172 2690
784541732 2691
784541854 2692
784844007 2693
784844107 2694
784844112 2695
784844115 2696
784848513 2697
784882707 2698
784895866 2699
785189156 2700
785189253 2701
785198372 2702
785232629 2703
785232649 2704
785456671 2705
785521487 2706
785521517 2707
785525736 2708
785525842 2709
785573850 2710
785888696 2711
785914742 2712
785918827 2713
785918963 2714
786221078 2715
786260089 2716
786273199 2717
786929029 2718
787227302 2719
787564556 2720
787572767 2721
787637263 2722
787908929 2723
787909611 2724
788306624 2725
788306724 2726
788648194 2727
790305346 2728
790922968 2729
792023887 2730
792040520 2731
792368888 2732
792692885 2733
796431821 2734
796836697 2735
797514653 2736
797687628 2737
797855394 2738
798027992 2739
798192091 2740
798192115 2741
798192162 2742
798196366 2743
798196389 2744
798196454 2745
798196461 2746
798356481 2747
798528850 2748
798533259 2749
798537392 2750
798537456 2751
798537538 2752
798537580 2753
798537638 2754
798537701 2755
798585556 2756
798693540 2757
798869986 2758
798874090 2759
799215269 2760
799219511 2761
799219795 2762
799362484 2763
799560834 2764
799578347 2765
799586652 2766
799901370 2767
799906141 2768
799919294 2769
800264315 2770
800622401 2771
800743420 2772
815222743 2773
815240159 2774
815568065 2775
815580911 2776
815585355 2777
815909099 2778
815921891 2779
815922095 2780
815922112 2781
815926323 2782
815926332 2783
815926346 2784
815930761 2785
816219578 2786
816219622 2787
816219675 2788
816254592 2789
816263443 2790
816276055 2791
816276925 2792
816613438 2793
816962833 2794
817294806 2795
817299301 2796
817985849 2797
817993932 2798
817993980 2799
818637585 2800
818983130 2801
819013231 2802
820662203 2803
821003563 2804
822004733 2805
829015629 2806
829231385 2807
829231457 2808
829235909 2809
829261936 2810
829379400 2811
829568160 2812
829572252 2813
829572451 2814
829572544 2815
830276571 2816
830586919 2817
831273286 2818
831295271 2819
834044577 2820
846270628 2821
846602958 2822
846611449 2823
846611908 2824
846616006 2825
846616159 2826
846620223 2827
846620287 2828
846952407 2829
846952683 2830
847250148 2831
847254513 2832
847254536 2833
847254566 2834
847254581 2835
847276625 2836
847293869 2837
847297956 2838
847297982 2839
847302850 2840
847595544 2841
847595624 2842
847989021 2843
848287126 2844
848299650 2845
848316930 2846
848321392 2847
848330091 2848
848334569 2849
848662421 2850
848662441 2851
848666732 2852
848666776 2853
848692583 2854
849370246 2855
849370258 2856
849650764 2857
849685478 2858
849707224 2859
849992080 2860
850375847 2861
852724544 2862
852751415 2863
853717974 2864
858725815 2865
859765252 2866
859925004 2867
860257495 2868
860261985 2869
860265987 2870
860266014 2871
860266062 2872
860266123 2873
860266309 2874
860266346 2875
860266377 2876
860266404 2877
860603005 2878
860607168 2879
860607367 2880
860607450 2881
860607455 2882
860607480 2883
860607503 2884
860944055 2885
860983686 2886
861280857 2887
861285145 2888
861630613 2889
861634934 2890
861665641 2891
862312670 2892
862705904 2893
877313996 2894
877318574 2895
877659583 2896
877659673 2897
877974490 2898
877982991 2899
877987539 2900
877987901 2901
877992236 2902
877992303 2903
878324222 2904
878324438 2905
878333234 2906
878333333 2907
878337317 2908
878346778 2909
878652627 2910
878670047 2911
878687095 2912
878691744 2913
879032295 2914
880055173 2915
880055625 2916
880383629 2917
880404940 2918
880409455 2919
881057369 2920
890118683 2921
891301236 2922
891301315 2923
891629070 2924
891637860 2925
891642176 2926
891642215 2927
891642281 2928
891642345 2929
891978843 2930
892385258 2931
893149866 2932
893158121 2933
893338749 2934
893347461 2935
893688605 2936
893710296 2937
894020730 2938
894551935 2939
895441451 2940
908340253 2941
908353540 2942
908668522 2943
908668556 2944
908685688 2945
908685859 2946
908689934 2947
908690107 2948
908699052 2949
909026561 2950
909026992 2951
909030970 2952
909368173 2953
909372586 2954
909372602 2955
909372616 2956
909704857 2957
909713374 2958
909717461 2959
909730907 2960
909730911 2961
910063154 2962
910063307 2963
910386568 2964
910395181 2965
910395212 2966
910404284 2967
910412830 2968
911094343 2969
911400981 2970
911409576 2971
911755444 2972
911759695 2973
912601209 2974
912951014 2975
915605943 2976
917450071 2977
922677093 2978
922677121 2979
923013923 2980
923018247 2981
923018290 2982
923027316 2983
923359312 2984
923700162 2985
923726321 2986
923869685 2987
924429714 2988
924723528 2989
925799233 2990
939030036 2991
939729237 2992
939729706 2993
939733452 2994
939733918 2995
939734122 2996
939734266 2997
939738364 2998
939738376 2999
939738399 3000
939738424 3001
939738473 3002
939738477 3003
939742503 3004
939742609 3005
940070913 3006
940075056 3007
940075464 3008
940079170 3009
940079253 3010
940079513 3011
940079568 3012
940079657 3013
940079771 3014
940083749 3015
940084011 3016
940084060 3017
940084095 3018
940084152 3019
940087822 3020
940420292 3021
940425106 3022
940425171 3023
940425232 3024
940748411 3025
940752707 3026
940757398 3027
940761352 3028
941102504 3029
941111195 3030
942763927 3031
942777202 3032
943118619 3033
943126891 3034
943809606 3035
945311344 3036
953029783 3037
953712141 3038
954053018 3039
954053251 3040
954053261 3041
954222134 3042
954528474 3043
954730964 3044
955464899 3045
955591114 3046
956138930 3047
970772961 3048
970777114 3049
970777224 3050
971113967 3051
971118202 3052
971118588 3053
971118724 3054
971459227 3055
971770003 3056
972080542 3057
972128731 3058
972461072 3059
973146958 3060
973151229 3061
973470796 3062
973488234 3063
973816592 3064
974498400 3065
974498428 3066
974498485 3067
974498492 3068
974507006 3069
974839683 3070
974843875 3071
974843892 3072
975197713 3073
975518615 3074
983759126 3075
984405805 3076
984746802 3077
985429128 3078
985826737 3079
986793149 3080
986828383 3081
987997896 3082
988852391 3083
