1
1
2
3
4
5
6
7
2
2
8
2
6
6
6
9
7
6
6
10
2
6
6
2
2
2
7
7
7
7
7
7
7
7
7
7
7
7
3
9
9
7
7
6
6
7
7
7
7
7
7
6
3
9
2
3
3
3
3
2
2
3
2
9
9
3
10
2
11
2
10
3
3
3
3
9
9
2
3
1
1
2
3
3
3
3
1
2
2
2
2
8
2
2
7
3
3
3
2
3
3
3
3
3
3
3
3
3
12
9
9
3
3
3
2
2
2
2
3
3
3
3
2
1
3
3
3
3
2
2
2
2
3
3
3
2
2
3
2
2
2
3
2
9
3
3
3
3
3
3
3
3
3
3
2
3
3
3
3
3
2
2
2
9
3
3
3
3
2
3
3
2
3
7
3
9
3
3
3
3
3
3
2
3
3
9
6
3
3
3
3
3
3
3
3
3
7
10
6
10
10
9
9
9
9
10
10
10
10
9
9
9
6
6
10
10
9
10
9
9
9
9
13
9
9
9
9
9
9
9
9
9
9
9
9
9
9
9
9
9
9
6
10
9
9
9
9
9
9
6
10
9
10
10
10
10
10
10
9
10
9
9
10
10
10
10
9
10
9
10
10
9
9
10
10
9
9
9
9
1
1
9
9
9
10
10
9
9
9
10
13
9
9
10
10
10
7
9
10
10
9
13
9
9
12
13
6
3
6
2
3
3
3
13
6
9
13
13
13
13
13
13
13
13
13
13
13
13
13
13
13
13
13
13
13
13
13
9
13
13
13
13
13
13
13
13
13
13
13
13
13
13
13
13
13
13
13
9
13
13
13
13
13
13
13
13
13
13
13
13
13
13
9
13
13
13
13
13
13
13
13
13
13
13
13
13
13
13
13
13
13
13
13
13
13
13
1
13
1
1
1
1
1
13
13
13
13
13
13
13
13
13
14
13
2
7
2
2
3
9
7
7
7
2
7
3
3
3
7
6
6
2
2
3
7
2
3
3
3
3
9
6
6
6
6
3
6
3
6
3
3
3
6
2
6
6
6
6
9
6
6
6
6
6
6
6
6
6
6
6
2
2
6
6
10
10
10
6
10
10
10
10
6
6
6
6
6
15
6
6
6
6
6
6
6
6
6
6
6
6
6
6
16
17
6
9
9
6
6
6
10
6
6
6
6
9
2
2
6
9
6
6
6
6
6
6
7
9
9
6
9
6
6
6
6
6
6
10
10
6
6
6
10
9
3
6
9
9
10
6
6
6
6
6
3
1
10
10
10
10
1
1
10
10
10
10
10
10
10
10
10
10
9
10
10
10
10
10
10
10
10
10
10
10
10
10
10
10
10
10
10
10
10
10
10
10
10
10
1
10
1
7
2
10
10
18
19
10
10
10
10
13
10
7
9
12
2
1
20
2
6
6
2
10
10
10
10
21
10
10
10
10
9
10
6
10
10
6
9
9
2
10
7
10
10
4
1
2
3
13
9
6
2
2
3
1
8
2
10
10
10
22
22
10
10
10
10
10
10
10
20
1
1
1
9
10
10
10
10
13
6
6
7
3
13
19
23
1
1
2
3
9
9
19
2
3
7
3
3
3
3
3
2
9
9
9
10
10
10
1
10
9
10
3
6
6
3
3
3
24
3
7
2
3
24
3
3
3
3
3
3
3
3
3
3
6
3
6
3
3
3
6
7
7
7
6
6
3
3
1
22
7
10
10
10
2
10
10
10
10
10
10
2
10
1
2
2
6
6
2
1
10
10
7
6
2
10
10
10
1
10
10
10
10
1
1
10
1
10
10
1
2
10
7
7
7
7
7
9
13
9
1
1
9
1
10
10
9
1
1
1
25
10
1
2
10
1
26
1
10
1
1
1
1
1
1
1
10
10
1
1
20
2
1
8
1
1
10
2
7
1
2
1
1
10
8
10
2
1
1
1
1
1
2
1
1
1
1
1
1
2
2
1
8
1
2
1
1
1
1
1
1
2
1
13
7
10
1
10
8
10
8
6
6
6
10
9
10
10
6
2
2
7
7
7
7
7
2
2
2
2
2
3
9
1
1
1
8
10
10
8
3
1
1
2
2
7
2
2
1
1
2
1
7
1
2
9
9
2
2
9
2
2
9
6
10
10
1
2
2
2
2
2
2
2
9
2
3
3
3
10
1
9
1
2
2
2
1
1
1
1
1
1
2
1
2
2
1
1
1
1
1
1
2
8
2
1
1
1
1
1
1
1
9
10
6
10
9
9
10
9
9
9
9
1
1
1
9
1
9
1
10
1
9
9
1
9
9
13
1
13
9
9
9
9
10
2
13
10
1
1
2
2
9
7
9
6
9
2
8
2
2
10
2
1
1
2
10
8
1
1
1
1
10
10
1
2
10
9
9
9
1
1
7
1
7
1
13
7
1
6
1
1
10
10
1
1
1
2
2
1
1
13
8
10
10
10
10
10
6
20
1
1
1
1
1
1
1
1
1
1
2
1
1
1
9
2
2
10
2
1
1
2
1
2
9
2
10
13
1
1
1
20
2
2
2
1
7
2
1
9
2
2
2
2
2
2
2
2
2
8
2
1
1
1
1
2
1
8
2
2
2
2
2
2
2
2
2
2
1
2
2
2
2
2
10
2
2
2
2
2
2
1
1
1
2
1
2
2
2
2
1
1
1
1
1
1
1
1
1
1
1
2
2
2
2
2
2
2
2
1
1
2
2
1
1
7
6
13
13
2
9
9
1
3
9
2
2
9
9
9
7
2
1
2
2
2
2
2
2
2
2
2
1
2
1
2
2
2
1
1
1
1
1
1
1
1
7
2
1
1
2
2
2
2
2
9
10
2
2
2
2
2
2
1
3
1
1
26
1
7
3
1
7
2
2
2
9
10
10
1
9
3
3
1
9
2
3
9
8
2
2
3
1
2
1
1
1
1
2
2
9
2
2
2
9
9
2
20
1
1
1
1
1
1
1
3
3
3
3
2
2
1
2
2
1
1
1
1
9
1
2
10
1
1
2
2
2
1
2
1
1
1
2
2
1
1
2
2
1
1
1
2
1
9
13
6
2
2
2
1
1
8
8
8
1
2
9
2
3
3
1
1
10
10
1
13
20
1
9
10
10
10
10
9
9
9
3
9
3
2
27
1
2
1
2
2
1
1
10
2
2
8
2
1
1
3
9
7
9
7
2
1
10
3
20
12
6
6
6
6
12
3
3
3
28
6
6
2
6
3
6
6
6
2
2
8
3
6
2
6
3
10
6
3
3
20
29
30
19
2
2
9
2
1
2
8
8
8
9
10
6
8
8
2
1
1
1
2
2
10
1
3
