1
2
3
3
4
5
6
3
3
3
7
3
8
8
3
9
10
3
8
11
3
8
3
3
12
3
10
10
10
13
10
10
10
10
10
14
14
10
13
15
15
10
10
16
16
10
10
10
10
10
10
17
18
9
19
20
12
12
12
3
19
12
12
19
9
12
21
3
13
3
21
18
20
12
12
9
9
3
12
19
2
22
23
12
12
12
13
3
24
3
3
7
19
19
10
12
23
3
3
25
3
3
23
26
12
3
12
27
28
9
9
12
12
12
3
3
3
3
3
3
12
3
3
19
12
12
12
29
3
3
3
3
12
12
12
3
3
3
3
3
3
3
3
12
12
12
20
12
12
12
12
30
12
3
12
12
12
30
12
12
12
19
3
12
12
12
31
12
12
12
12
3
12
12
12
9
12
12
12
12
12
27
3
18
12
32
8
12
12
12
12
12
12
12
12
18
10
11
8
11
11
9
9
9
9
11
11
11
11
9
9
12
33
34
10
11
25
11
9
9
9
14
35
9
9
9
9
9
9
9
9
9
9
9
9
9
9
9
9
9
9
8
11
9
9
9
9
9
9
33
11
9
11
11
11
11
11
11
9
11
9
9
11
11
2
11
9
11
9
11
11
9
9
11
36
11
21
9
9
2
2
9
9
9
2
11
9
9
33
11
37
9
11
11
11
11
38
9
11
11
39
35
9
9
28
13
8
40
17
19
12
12
12
41
8
25
42
42
42
42
42
42
42
42
42
42
42
42
42
43
43
42
43
43
43
43
43
9
43
43
43
42
43
44
43
43
43
43
43
43
43
43
45
41
41
41
41
9
43
43
13
9
41
43
11
41
41
41
41
9
37
46
9
43
43
41
41
41
41
41
41
41
41
41
41
41
41
41
41
41
41
41
41
41
41
13
2
41
47
47
2
48
13
42
42
42
43
44
45
37
11
13
47
25
3
10
3
3
3
37
10
49
10
3
10
30
3
17
13
8
16
3
3
3
10
12
50
50
51
3
12
52
8
8
8
12
17
12
8
3
3
3
17
3
53
8
6
6
9
8
8
8
8
8
8
8
8
8
37
8
3
3
8
33
11
11
11
8
39
11
11
11
8
8
8
17
34
25
8
54
52
6
8
6
52
8
8
8
8
8
8
8
26
22
8
9
9
8
8
8
11
8
8
8
8
9
3
37
17
9
8
34
25
8
8
53
10
15
15
15
9
36
8
8
8
8
52
17
17
8
8
39
11
9
25
8
9
9
11
53
8
8
8
8
55
2
2
2
2
56
2
2
2
57
57
57
11
11
11
11
11
11
11
56
11
11
11
2
36
11
2
11
11
11
11
11
11
11
11
11
3
11
58
33
3
11
11
58
19
58
59
10
19
11
11
60
54
11
57
11
11
61
61
38
46
28
19
19
26
3
6
8
3
56
11
11
56
26
36
36
36
11
9
11
8
11
36
36
9
9
36
11
10
11
11
4
3
3
12
42
12
8
3
3
12
19
7
3
11
21
56
62
26
11
11
57
21
11
11
11
21
2
48
2
9
11
11
21
21
43
8
8
63
3
54
33
33
13
13
3
23
9
9
54
3
12
3
64
12
12
12
3
3
65
9
9
36
11
2
2
11
9
56
12
29
8
3
12
66
67
12
49
3
68
67
29
12
29
29
68
29
68
12
68
68
16
29
69
12
12
60
17
49
49
39
12
8
64
68
59
62
11
54
11
11
13
11
11
11
11
11
11
3
11
2
3
3
8
8
70
2
11
11
3
8
3
11
11
11
2
11
11
11
11
2
13
11
48
11
11
2
3
11
3
3
71
72
72
65
13
73
71
2
65
11
11
11
11
73
11
2
26
11
2
3
11
2
74
2
2
2
2
13
2
2
2
2
2
2
2
2
46
3
75
76
13
2
11
3
63
48
12
2
2
11
76
11
3
2
1
77
2
2
3
13
2
13
13
2
2
3
19
47
76
2
19
2
2
2
2
13
2
3
48
11
2
11
12
56
7
56
7
8
78
78
11
65
11
11
8
3
3
10
10
63
10
10
3
3
3
3
3
13
73
2
2
2
7
2
56
7
61
2
2
19
3
2
3
3
2
2
19
19
10
13
19
9
9
19
19
9
3
3
9
3
11
11
13
19
19
19
12
3
3
3
12
3
12
3
31
2
2
9
2
2
3
3
2
19
19
79
2
2
70
19
3
19
59
47
59
59
59
59
12
59
3
2
59
2
74
2
59
2
9
11
33
11
33
11
11
9
9
73
9
11
11
59
9
9
9
2
11
2
9
9
13
9
9
13
13
13
9
9
9
9
11
3
37
11
11
13
3
3
3
38
9
13
9
3
7
9
3
11
19
19
19
9
7
7
80
2
2
59
11
11
2
19
11
9
9
11
79
13
38
13
10
13
13
13
13
25
2
2
11
2
2
79
79
19
19
19
2
37
7
2
57
11
2
11
36
40
2
2
13
77
81
2
59
59
81
13
37
2
13
13
3
3
3
11
3
19
2
19
2
19
9
19
2
13
2
24
73
82
3
19
19
13
13
19
19
83
19
3
3
3
3
3
3
3
3
7
3
77
59
59
59
19
84
7
3
3
19
19
3
3
3
19
21
19
19
19
19
3
3
3
11
3
3
3
3
19
3
2
2
13
19
84
3
3
3
3
13
19
2
2
2
2
48
2
2
13
13
3
3
26
3
3
3
3
3
3
2
3
3
19
19
10
78
13
13
3
9
65
3
66
9
19
19
9
9
37
10
3
2
3
3
19
3
3
3
3
3
3
2
19
19
19
19
19
2
2
2
13
13
13
13
13
10
19
2
13
19
19
19
19
19
9
11
3
19
19
3
3
19
66
12
12
74
74
74
13
13
13
10
12
19
3
32
11
11
73
73
13
12
2
83
3
12
11
7
3
3
12
66
19
19
26
47
19
19
19
9
19
19
3
9
33
3
76
82
30
19
84
82
84
82
12
12
61
3
19
3
19
19
3
47
13
66
2
9
1
3
78
19
2
19
19
19
19
19
19
84
84
19
25
47
82
3
19
59
19
19
19
77
65
13
8
37
3
3
75
2
7
7
7
2
3
9
70
12
85
13
13
13
11
13
13
24
13
13
11
11
11
11
12
21
73
73
12
12
3
40
2
3
19
3
3
19
80
2
3
3
7
3
2
2
85
83
10
9
10
12
59
2
12
26
17
17
17
8
17
12
12
17
12
17
8
17
12
17
50
8
17
17
3
12
12
12
9
3
17
17
17
17
12
12
25
25
86
54
3
70
9
3
81
19
76
76
76
76
58
53
12
76
37
59
1
1
70
3
17
59
12
