1
2
3
4
5
6
7
8
9
10
11
9
12
13
14
15
16
9
17
18
12
19
9
9
9
20
21
22
23
24
25
26
27
21
23
28
28
25
29
30
30
31
31
32
32
25
21
21
25
25
33
34
35
36
37
38
39
39
40
41
42
43
44
45
46
9
47
47
48
49
50
35
38
51
52
53
54
47
55
56
57
58
59
60
60
60
61
62
63
64
64
65
66
66
25
67
59
68
60
69
70
63
59
71
72
73
43
74
75
76
77
78
79
72
68
80
81
82
83
84
85
80
69
86
85
67
87
88
83
83
89
81
43
43
43
69
81
81
90
91
91
90
91
92
93
78
52
43
52
94
67
95
86
84
41
96
86
97
92
94
98
66
91
99
43
100
101
43
9
72
102
81
90
84
80
53
84
40
86
43
72
74
83
103
102
104
14
105
80
80
106
72
72
72
107
35
22
108
109
110
111
112
113
46
114
111
18
111
53
112
46
115
116
117
23
118
50
119
120
53
46
28
121
122
123
76
54
124
92
92
92
92
54
54
125
122
45
76
76
45
53
126
127
123
123
123
128
46
129
130
114
92
131
108
132
133
118
134
76
135
122
135
118
111
136
127
135
137
127
138
111
75
15
139
115
140
50
135
116
141
57
142
143
144
57
57
142
142
143
114
145
146
147
148
149
149
150
151
152
140
92
121
129
113
153
60
112
93
11
42
147
73
154
155
156
157
158
159
158
158
158
160
158
158
161
158
162
162
162
163
164
165
162
166
166
167
164
124
168
92
164
165
164
169
168
167
166
166
163
130
163
170
171
172
170
170
173
92
92
174
175
113
170
163
138
170
176
176
172
92
177
173
151
168
168
176
172
178
179
170
178
178
176
172
170
180
170
181
182
181
172
181
172
181
183
184
182
183
185
185
182
185
185
158
158
158
174
169
171
186
140
179
187
60
83
154
75
188
189
75
25
190
27
191
25
97
60
89
192
6
32
193
60
73
26
154
194
194
99
73
116
195
195
195
195
105
196
197
13
10
73
198
199
20
200
201
110
202
203
112
126
204
205
110
106
112
112
112
186
19
9
9
11
133
206
70
205
205
111
111
119
206
207
112
201
196
117
208
195
209
195
7
145
205
195
205
145
13
205
201
205
112
202
58
112
1
151
112
112
195
210
204
156
112
112
151
9
211
212
151
145
117
208
205
213
200
110
30
30
214
46
215
112
112
112
4
125
216
216
205
112
33
119
77
4
4
151
100
134
200
199
112
14
207
217
218
219
12
218
219
220
221
222
12
12
223
111
224
111
225
57
226
227
228
57
108
226
57
229
111
57
230
231
111
118
232
233
111
222
234
12
111
235
235
12
233
236
237
238
237
239
22
240
132
152
241
242
226
243
131
140
177
160
150
92
153
42
42
244
189
245
204
9
228
246
127
247
248
215
229
229
210
54
210
112
127
229
215
249
124
215
132
22
232
132
5
141
82
250
159
55
156
211
70
103
251
252
42
114
253
228
254
255
127
246
233
247
50
127
256
50
182
257
219
249
225
111
253
50
168
174
112
227
4
258
259
235
49
260
261
155
15
124
259
3
80
150
262
80
80
80
80
83
263
264
46
215
265
161
266
152
53
228
230
245
112
80
80
267
268
73
190
269
51
268
88
103
80
88
51
88
270
4
270
270
32
73
271
103
198
73
188
8
245
33
16
19
262
270
272
254
209
209
231
111
49
118
111
111
111
273
273
20
274
182
9
80
109
12
9
182
111
231
8
17
275
276
149
265
277
234
232
278
233
279
260
111
257
234
276
2
12
149
8
70
280
8
8
263
175
148
280
137
263
281
232
282
258
283
284
279
209
231
182
63
231
182
285
285
255
286
284
184
287
288
288
289
57
57
287
182
290
12
291
79
49
61
224
12
259
277
292
281
61
276
293
222
12
182
1
294
295
141
296
260
297
297
298
220
299
12
42
256
300
141
42
301
182
182
286
302
182
147
277
209
288
133
303
228
65
228
236
110
304
304
222
263
232
231
204
126
250
8
201
259
8
298
305
306
8
82
296
69
307
308
137
289
120
108
247
252
60
182
309
292
41
220
12
193
310
310
42
42
298
311
42
129
312
66
66
264
20
269
313
314
274
274
182
42
42
211
211
261
89
315
43
269
90
84
101
136
57
15
296
44
275
41
42
42
310
316
310
289
317
251
60
66
45
24
239
318
65
318
319
65
65
182
320
309
285
321
293
310
144
157
70
118
209
113
118
266
307
322
128
256
323
324
128
310
266
256
137
182
45
142
142
142
36
179
325
179
92
143
100
128
326
139
327
274
323
49
126
12
70
150
191
304
266
328
120
12
82
222
329
330
330
151
211
252
238
331
309
332
322
236
310
66
222
333
123
322
334
326
335
49
41
49
179
179
336
325
320
2
134
161
2
316
334
66
42
42
310
269
12
61
312
222
222
111
337
337
331
141
338
339
340
282
341
340
340
49
258
182
342
343
70
12
62
256
12
344
182
42
299
45
146
42
295
335
284
345
318
318
313
313
86
336
335
346
42
108
42
306
261
347
83
68
193
82
82
293
191
294
348
332
239
42
324
252
349
315
42
42
82
82
82
310
12
42
42
37
313
350
82
82
111
82
305
61
82
42
347
141
141
260
42
339
328
275
83
82
286
42
282
141
182
339
161
221
331
161
260
12
12
154
12
12
12
12
12
41
220
12
12
42
344
25
304
179
165
83
333
263
62
85
269
258
42
142
128
327
27
314
310
284
83
66
261
83
83
83
83
83
182
42
42
42
346
42
182
287
227
260
342
260
260
311
351
42
310
302
42
350
42
107
352
144
353
82
42
66
193
328
66
267
303
303
285
335
335
335
87
29
23
98
107
305
104
353
354
56
135
87
230
56
355
250
60
140
356
60
275
95
267
292
357
358
256
340
329
66
46
193
66
211
70
278
12
300
308
359
251
340
324
341
292
67
80
60
60
66
193
240
42
191
360
338
267
136
36
1
314
304
357
296
42
42
42
42
42
339
339
340
42
361
340
324
41
42
303
42
310
42
294
263
175
79
144
82
82
291
310
252
252
356
284
328
313
317
206
362
338
286
336
354
192
179
350
175
343
118
118
222
111
55
48
92
148
97
65
65
93
284
12
42
12
60
42
238
222
347
12
252
12
12
220
362
355
27
142
351
319
65
295
96
363
75
364
196
115
364
75
99
365
40
366
207
364
116
216
194
213
34
188
9
72
65
197
196
188
196
216
188
34
86
40
367
345
6
242
20
317
128
20
303
66
300
300
300
301
237
200
203
300
186
348
272
1
317
349
188
40
40
