1
2
3
4
5
6
7
8
9
10
11
12
13
14
15
16
17
18
19
20
18
21
18
22
23
24
25
26
27
28
29
30
31
25
32
33
33
34
35
36
36
37
37
38
39
40
25
25
40
41
42
43
44
45
46
47
48
49
50
23
51
52
53
54
55
50
56
56
57
58
59
44
47
60
61
62
63
56
64
45
65
66
67
68
68
69
70
71
70
72
72
73
74
74
40
75
67
76
77
78
79
80
67
81
24
78
82
83
84
85
86
87
88
89
90
91
92
93
94
95
96
30
97
98
96
82
99
100
101
101
100
92
82
82
82
97
102
102
103
104
104
103
94
85
105
87
61
52
69
106
75
107
98
95
108
109
98
110
111
106
112
113
114
115
116
117
118
82
9
49
119
102
103
120
121
122
95
81
98
82
123
83
101
124
119
125
126
127
121
111
69
48
89
89
128
44
26
129
130
131
32
132
133
55
134
135
20
135
136
137
55
138
139
140
27
141
142
143
144
62
55
33
145
16
146
132
63
147
148
85
85
149
150
63
16
151
152
122
149
152
62
153
154
146
146
146
147
155
156
157
136
158
159
129
160
161
162
163
132
164
151
165
166
166
167
168
165
169
158
170
171
84
155
172
138
173
174
65
139
175
176
177
178
179
176
65
180
177
181
136
182
183
184
185
186
186
187
188
189
173
149
145
156
190
191
192
193
194
195
46
196
197
198
199
200
168
201
202
201
201
201
203
204
204
205
206
205
205
205
205
207
208
205
209
209
210
207
211
212
149
207
205
207
213
212
210
209
209
214
157
214
215
216
217
218
218
219
220
220
221
222
190
170
214
215
218
223
223
217
220
224
219
188
225
225
223
217
226
227
218
226
226
223
217
218
228
218
229
230
231
217
229
217
231
232
233
228
232
228
234
227
234
234
235
201
206
221
213
216
236
173
237
238
192
239
41
240
241
242
240
40
243
31
244
40
110
100
245
246
6
38
196
94
197
30
244
247
247
115
197
139
248
249
6
6
127
250
81
14
10
251
252
253
254
255
22
131
256
257
258
153
259
260
131
261
193
258
258
236
21
12
12
260
262
263
235
264
265
262
135
143
265
266
267
22
250
140
268
269
260
248
7
249
270
269
270
182
271
272
273
272
258
256
66
258
158
188
267
274
249
275
6
200
258
260
188
276
42
277
188
182
140
268
270
278
41
131
36
36
149
55
279
280
137
258
4
42
281
281
272
164
42
143
86
142
4
188
117
260
255
253
258
126
266
251
282
283
284
282
283
285
286
287
13
13
288
171
289
166
290
291
292
293
294
295
296
292
176
297
135
176
298
135
135
299
300
301
135
263
295
302
303
181
181
302
284
274
304
305
304
306
26
307
160
189
308
309
161
310
159
173
224
203
311
77
191
46
312
313
242
314
259
315
294
316
154
317
318
279
150
319
275
63
275
280
320
297
279
321
211
279
160
26
300
160
5
89
93
128
202
64
200
68
79
322
323
324
51
296
325
294
326
327
328
316
329
59
59
330
330
59
331
332
285
321
290
289
325
59
212
221
258
293
4
333
265
181
334
335
336
199
155
174
265
3
337
311
338
337
337
337
339
340
341
342
55
279
343
319
344
189
62
202
298
314
258
91
121
345
346
197
243
347
60
346
39
124
91
69
60
69
348
4
349
348
38
39
350
322
252
120
277
243
314
42
17
21
338
348
351
326
171
352
353
162
58
141
166
354
135
355
355
254
356
357
12
339
130
302
276
358
354
353
8
19
359
360
361
343
362
363
300
78
284
364
365
135
332
363
360
2
366
361
8
79
367
359
359
368
222
185
367
361
368
369
300
370
371
299
372
364
373
136
357
80
136
374
375
376
303
287
377
233
378
379
379
380
285
65
378
362
381
366
382
383
334
384
289
385
114
383
82
369
384
360
386
387
388
374
1
389
390
377
391
392
393
393
394
285
395
285
396
397
398
377
399
400
357
374
401
402
365
184
362
352
379
262
403
294
73
294
11
131
404
404
405
341
300
161
259
406
407
8
273
271
408
394
409
410
8
93
391
328
411
412
169
380
144
296
317
73
413
227
414
415
108
29
416
417
418
419
420
419
394
421
422
156
423
424
74
342
254
347
425
426
356
427
362
428
429
113
116
336
245
430
431
432
103
95
118
167
320
155
391
53
433
108
434
435
436
437
438
380
439
323
77
74
54
28
306
440
441
442
443
444
441
331
445
446
446
331
386
447
179
352
79
448
352
190
141
344
411
449
147
397
450
451
147
133
452
438
169
453
16
177
454
180
455
237
76
237
134
178
117
147
456
172
457
427
450
58
406
458
79
187
459
404
452
460
144
133
93
405
461
462
462
188
291
324
305
463
446
464
449
274
419
74
405
465
146
449
466
456
467
58
34
334
237
237
468
375
445
2
163
319
2
437
466
469
470
471
434
432
398
384
423
405
405
135
472
472
463
175
473
474
475
370
476
477
475
334
371
478
479
480
241
388
71
169
79
481
357
429
395
444
183
420
2
35
482
483
442
412
425
431
484
453
35
485
435
129
90
410
336
486
101
90
417
93
487
29
459
389
488
464
306
51
451
324
489
430
429
46
458
93
93
436
325
396
422
46
425
372
12
93
135
93
409
70
93
490
486
175
175
335
429
474
460
433
101
93
401
491
370
377
358
477
492
286
463
76
35
385
13
431
301
13
302
302
285
285
285
70
285
493
481
408
404
237
208
239
465
341
71
96
347
333
428
180
147
457
469
426
493
399
101
101
336
340
94
340
340
340
478
471
471
471
485
469
230
378
293
392
479
365
392
421
494
51
438
402
51
484
51
495
496
179
497
487
495
484
416
460
469
345
403
403
376
498
498
467
99
454
27
112
471
409
125
497
499
500
165
99
298
45
501
407
87
173
502
192
433
107
468
415
444
503
397
414
461
424
55
196
244
42
500
387
388
398
412
504
323
414
451
476
475
75
111
413
413
74
417
307
470
244
505
473
468
167
455
1
426
404
495
440
444
429
474
471
491
474
474
506
470
507
506
451
82
469
403
471
436
490
312
341
222
113
179
93
93
382
447
324
324
502
482
460
425
439
105
508
473
401
499
328
246
237
372
468
480
448
329
405
264
440
57
148
185
110
441
416
194
482
385
420
458
77
184
305
405
458
405
324
416
303
285
508
501
31
180
494
443
441
390
109
509
84
510
250
261
510
84
115
195
123
174
266
510
139
281
247
278
43
511
315
23
73
88
250
511
250
281
511
43
276
124
142
483
15
309
254
439
147
254
403
454
398
398
398
400
304
255
257
398
236
488
351
89
439
489
511
114
124
