1
2
3
4
5
6
7
8
9
10
11
12
13
14
15
16
17
18
19
20
21
22
21
23
24
25
26
27
28
29
30
31
32
26
33
34
34
35
36
37
38
39
39
40
41
42
26
26
42
43
44
45
46
47
48
49
50
51
50
50
52
53
54
55
56
57
58
58
59
18
60
46
49
61
62
63
64
58
65
47
66
67
68
69
69
70
71
72
73
74
74
75
76
76
17
77
78
79
80
81
82
82
68
83
84
81
85
86
87
88
89
90
91
92
93
94
93
95
96
97
98
79
99
100
98
101
102
103
104
105
106
107
85
85
108
99
109
79
102
110
110
111
112
113
114
90
62
53
115
116
77
117
118
97
119
120
121
122
123
116
124
119
112
125
126
123
127
128
9
51
129
109
130
131
132
133
131
83
121
50
134
86
104
135
129
136
137
138
132
79
103
50
88
139
140
46
141
142
143
144
33
145
146
147
148
149
20
150
151
152
153
154
155
156
28
157
158
159
160
161
56
34
162
16
163
145
164
165
166
63
123
167
168
64
16
169
63
170
171
172
161
173
174
175
163
163
169
167
176
177
151
178
179
142
180
181
178
182
145
175
169
183
184
185
186
187
183
188
189
190
191
87
192
193
154
194
190
66
57
195
196
44
197
198
196
66
164
199
200
201
202
203
204
205
206
206
207
208
209
193
210
162
176
211
212
213
214
45
215
216
217
218
219
220
221
187
222
223
222
222
222
224
225
225
226
227
226
226
226
226
228
229
226
230
230
231
228
232
233
210
228
226
228
234
235
231
236
236
237
177
237
238
239
240
241
240
242
243
243
243
244
211
240
237
238
241
245
245
243
243
246
242
247
248
248
245
249
250
251
252
251
250
245
249
251
251
252
253
254
255
249
253
249
255
256
257
258
256
258
259
260
259
259
261
222
227
262
234
239
263
194
264
265
213
266
43
267
268
269
267
42
270
271
272
42
122
106
273
274
6
40
217
275
276
17
277
278
278
233
276
155
101
279
280
280
138
281
83
14
10
282
283
284
285
286
23
287
288
289
290
173
291
292
287
293
214
290
290
294
22
12
12
292
295
296
261
297
298
295
295
159
296
299
300
23
281
301
302
303
292
101
7
304
7
303
305
202
306
307
308
309
290
288
67
290
189
247
300
310
279
150
307
221
290
292
208
311
312
313
208
304
294
302
305
314
43
287
315
38
315
170
316
317
152
290
318
312
319
320
309
175
321
159
89
301
4
37
165
292
286
284
290
137
299
282
322
323
324
322
323
325
326
327
328
329
330
191
331
185
332
333
334
335
336
337
338
334
196
339
340
196
341
342
149
343
344
345
340
147
337
13
346
347
347
348
324
310
349
350
349
351
27
352
180
209
353
354
355
356
179
193
246
224
357
80
212
48
358
359
269
6
291
311
336
360
174
361
362
363
184
364
365
64
365
317
366
339
316
367
232
133
180
27
368
180
5
139
369
140
223
65
221
69
370
371
372
373
52
338
374
345
375
376
377
360
378
168
379
380
380
60
381
382
383
367
332
331
374
379
235
262
290
335
4
384
298
347
158
385
386
220
192
387
298
3
388
357
389
388
388
388
113
96
390
391
153
363
392
364
393
209
133
346
341
394
290
94
395
396
397
218
270
398
61
397
41
135
394
103
61
115
399
318
395
371
40
41
400
135
283
282
313
78
401
321
31
22
389
399
402
375
141
403
404
405
406
184
185
407
201
408
408
25
409
410
12
113
143
13
45
411
407
404
8
19
412
413
414
392
415
416
331
417
324
418
419
407
382
416
413
2
420
206
82
82
421
412
412
422
244
205
421
414
422
423
344
424
425
343
342
418
426
342
410
82
151
427
428
429
376
327
430
257
431
432
432
433
383
66
431
415
434
420
435
91
436
437
331
438
439
430
108
423
437
392
440
441
82
427
1
442
443
444
445
446
447
447
73
383
448
449
450
451
452
444
453
454
410
427
455
456
419
204
415
403
432
181
457
348
75
348
11
144
458
458
147
390
368
355
291
459
460
461
308
306
462
463
464
465
461
449
69
401
466
467
188
433
160
338
361
75
468
260
469
470
471
30
449
472
473
474
475
474
463
476
477
164
478
479
480
391
481
398
482
483
409
484
415
485
486
119
126
386
273
487
488
489
111
79
127
186
366
192
445
54
490
471
491
492
493
494
495
433
346
372
70
76
55
29
351
496
497
498
499
497
497
381
500
501
428
381
440
502
198
403
156
503
403
178
157
393
466
504
505
451
506
507
505
146
508
495
188
260
16
199
509
510
511
264
512
512
63
197
44
505
513
107
514
484
506
515
459
516
370
207
517
272
508
518
160
146
95
147
519
520
520
208
333
521
350
522
469
523
331
310
474
76
147
524
163
504
525
513
301
515
35
436
264
526
509
428
500
2
182
364
2
494
525
527
528
529
491
489
530
437
478
328
531
148
348
171
522
469
532
533
534
424
535
536
536
436
425
537
538
539
268
540
72
379
200
541
410
486
448
542
203
475
2
526
543
544
498
467
545
100
100
509
36
546
492
133
547
465
548
549
104
547
550
95
551
530
517
442
552
523
553
52
554
373
555
487
486
48
556
449
549
493
374
450
477
216
482
21
12
557
403
369
464
93
93
558
74
195
469
385
486
559
518
490
105
557
455
560
424
444
411
533
561
326
71
512
512
438
329
488
345
329
562
327
548
325
325
563
548
564
541
462
458
526
229
266
524
565
72
98
398
384
485
510
505
514
527
483
564
453
104
104
386
566
275
96
96
566
537
529
529
567
546
527
254
431
335
446
538
419
568
476
569
52
495
456
52
570
52
567
571
198
572
551
573
570
488
548
527
396
457
457
429
574
574
36
568
575
28
124
567
464
136
572
576
577
183
568
341
47
578
460
579
194
461
213
70
117
580
470
542
581
451
108
519
479
56
472
472
312
577
441
540
452
467
582
583
584
507
535
536
395
79
468
468
480
550
352
528
30
585
586
580
186
511
1
472
272
573
583
542
486
559
469
560
559
559
584
528
587
584
507
545
527
457
529
431
558
358
565
244
91
84
369
95
435
502
516
521
516
543
548
482
588
114
589
586
532
576
377
274
264
148
580
539
503
378
142
297
496
59
166
579
122
497
449
590
543
438
475
562
32
204
350
531
556
531
521
449
563
563
589
578
271
510
569
499
497
443
120
591
87
592
281
293
592
87
125
215
134
387
299
285
155
320
278
314
593
594
311
24
75
83
172
594
281
320
594
593
45
92
595
544
15
354
25
406
505
481
534
575
452
452
530
454
349
286
289
596
263
552
402
139
588
555
319
92
92
