1007308577 1
1007402796 2
1007640554 3
1007666180 4
1007735501 5
1007740337 6
1008024276 7
1008093358 8
1008378448 9
1008378609 10
1008391068 11
1008425971 12
1008680614 13
1008693462 14
1008693605 15
1009095570 16
1009126181 17
1009371535 18
1009375497 19
1009471146 20
1009578838 21
1009782081 22
1009791141 23
1010044978 24
1010338583 25
1010437434 26
1010713883 27
1011068028 28
1011611587 29
1011996877 30
1013040388 31
1013066710 32
1013113953 33
1013416131 34
1013416147 35
1013425227 36
1013524692 37
1013636956 38
1013800661 39
1013861184 40
1013865949 41
1013891539 42
1013908909 43
1014107332 44
1014124309 45
1014206712 46
1014228051 47
1014452870 48
1014461486 49
1014469498 50
1014473864 51
1014539429 52
1014569477 53
1014573900 54
1014798169 55
1014820080 56
1014896873 57
1014936626 58
1014936705 59
1014940894 60
1015143077 61
1015169543 62
1015479949 63
1015492865 64
1015570297 65
1015592525 66
1016506999 67
1016611275 68
1016839809 69
1016922035 70
1016939052 71
1017168501 72
1017245226 73
1017547830 74
1017574059 75
1017647483 76
1017880794 77
1017910233 78
1017988263 79
1018009357 80
1018235075 81
1018303586 82
1018334019 83
1018351553 84
1018656780 85
1018692118 86
1019016133 87
1019019561 88
1019214774 89
1019322922 90
1019356457 91
1019357327 92
1019556103 93
1019607245 94
1019680939 95
1020029671 96
1020280792 97
1020608279 98
1033192275 99
1033196675 100
1034664458 101
1035393986 102
1036637638 103
1037979778 104
1038070642 105
1038407667 106
1039068185 107
1039076835 108
1039080957 109
1039111883 110
1039141038 111
1039335355 112
1039370204 113
1039392337 114
1039400328 115
1039400642 116
1039775880 117
1040328771 118
1041071176 119
1041139886 120
1041524495 121
1041666949 122
1042552639 123
1043066007 124
1043842362 125
1043919973 126
1044262482 127
1044800536 128
1044914200 129
1044943796 130
1045168444 131
1045240983 132
1045254699 133
1045262699 134
1045263640 135
1045482779 136
1045492192 137
1045504901 138
1045525957 139
1045819957 140
1045850110 141
1046264861 142
1046506683 143
1046873413 144
1046903356 145
1047676850 146
1047887562 147
1048172314 148
1048288847 149
1048289014 150
1048289697 151
1048311229 152
1048609058 153
1048621815 154
1048647522 155
1048975307 156
1049247113 157
1049291085 158
1049570983 159
1049916348 160
1049946735 161
1050020621 162
1050024735 163
1050249353 164
1050266721 165
1050382896 166
1050581215 167
1050646637 168
1050922195 169
1050935614 170
1051280385 171
1051281052 172
1051311534 173
1051315821 174
1051980223 175
1068436695 176
1068449058 177
1069489835 178
1069762072 179
1069809216 180
1070102614 181
1070102904 182
1070111661 183
1070171769 184
1070422316 185
1070797450 186
1071121755 187
1071519343 188
1071550972 189
1071760480 190
1072063538 191
1072507501 192
1072533704 193
1072779298 194
1072779568 195
1072818198 196
1073314797 197
1073931883 198
1075827302 199
1076185604 200
1076224947 201
1076285102 202
1076289047 203
1076302334 204
1076302442 205
1076328170 206
1076526556 207
1076539350 208
1076539598 209
1076600127 210
1076605004 211
1076626718 212
1076893223 213
1076941351 214
1076963326 215
1077571786 216
1078309627 217
1078978823 218
1079013386 219
1079660882 220
1079707882 221
1079967548 222
1080036886 223
1080067318 224
1080684409 225
1080714543 226
1080731065 227
1080732144 228
1081055426 229
1081086613 230
1081090506 231
1081392708 232
1081659180 233
1081710958 234
1081755066 235
1081957306 236
1082005161 237
1082013851 238
1099022750 239
1099255933 240
1099397913 241
1100085251 242
1100381898 243
1100900138 244
1101133654 245
1101142279 246
1101176893 247
1101474458 248
1101487727 249
1101517521 250
1101845661 251
1102191395 252
1102514975 253
1102804327 254
1103577592 255
1104155212 256
1105653872 257
1106672761 258
1106857669 259
1107232942 260
1107306460 261
1107315870 262
1107315974 263
1107332454 264
1107345646 265
1107578710 266
1107661735 267
1107687396 268
1108670593 269
1109599486 270
1109651526 271
1109957857 272
1110013793 273
1110307501 274
1111032668 275
1111058245 276
1111356585 277
1111426025 278
1111439269 279
1111723053 280
1111753990 281
1112090340 282
1112410037 283
1112431072 284
1112457570 285
1113371819 286
1113371822 287
1113717709 288
1129772186 289
1130152325 290
1130839155 291
1131827390 292
1131827565 293
1131831990 294
1131836229 295
1132168481 296
1132168616 297
1132168736 298
1132172898 299
1132526832 300
1132530992 301
1132846376 302
1133925083 303
1134140939 304
1134482718 305
1134849005 306
1134849078 307
1135160387 308
1135294306 309
1135941181 310
1135941581 311
1135984965 312
1136752885 313
1136852640 314
1137590955 315
1137699175 316
1138026774 317
1138212774 318
1138579549 319
1138587910 320
1139357090 321
1139369242 322
1140003523 323
1140655376 324
1140655624 325
1140737968 326
1140738351 327
1140996390 328
1141324564 329
1141328881 330
1141329227 331
1141337557 332
1141350537 333
1141713514 334
1141730870 335
1142002856 336
1142049877 337
1142356576 338
1143064329 339
1143108190 340
1143129698 341
1143802936 342
1143803274 343
1143807196 344
1144761556 345
1155263986 346
1158402729 347
1160807120 348
1161459105 349
1162862472 350
1162871168 351
1163194940 352
1163199311 353
1163898298 354
1164187272 355
1164545788 356
1165305889 357
1166674437 358
1166890100 359
1167235473 360
1168283924 361
1168603800 362
1168733095 363
1169277100 364
1169770111 365
1170348225 366
1170352367 367
1170404875 368
1171431567 369
1171436073 370
1171690432 371
1171690479 372
1172031461 373
1172441674 374
1172821757 375
1173011450 376
1173029301 377
1173448107 378
1173814525 379
1173823639 380
1174837582 381
1175122887 382
1175433492 383
1175800378 384
1190763066 385
1191315642 386
1192921725 387
1193599804 388
1194562363 389
1195891557 390
1195999722 391
1196573432 392
1196573821 393
1196854070 394
1198049989 395
1199327859 396
1200070420 397
1201296549 398
1202704262 399
1203070528 400
1204063702 401
1204124270 402
1204391417 403
1204547624 404
1204875505 405
1205090786 406
1205220831 407
1205225146 408
1205523418 409
1206114100 410
1206153341 411
1207154756 412
1220873910 413
1220873945 414
1223200775 415
1224591253 416
1224595273 417
1224595608 418
1224941044 419
1225290240 420
1225290633 421
1225640135 422
1226206190 423
1226296238 424
1231140244 425
1231144274 426
1231299343 427
1232344382 428
1233428010 429
1233436479 430
1233492573 431
1233501275 432
1233505806 433
1233773217 434
1234481054 435
1236557691 436
1236864195 437
1236890214 438
1237179690 439
1237197175 440
1237524538 441
1252966452 442
1253230203 443
1253990494 444
1254646205 445
1254931127 446
1255630284 447
1255630350 448
1255668961 449
1257629175 450
1259309269 451
1260011966 452
1262170241 453
1262360335 454
1262520403 455
1264186300 456
1266478519 457
1266871604 458
1267929594 459
1268896703 460
1283872218 461
1286362826 462
1286362946 463
1289359184 464
1291017723 465
1291142212 466
1292027772 467
1293892027 468
1293896697 469
1295501882 470
1298623653 471
1298960022 472
1298960207 473
1298985697 474
1299935493 475
1300276335 476
1311487571 477
1313261883 478
1315308460 479
1317074822 480
1320480289 481
1324762843 482
1325133618 483
1325138112 484
1325138116 485
1326157533 486
1343139850 487
1346019612 488
1351065769 489
1351869732 490
1361332091 491
1362674294 492
1387345967 493
1392073423 494
1392073500 495
1392440010 496
1407053514 497
1407139453 498
1407398468 499
1415829386 500
1417573898 501
1418022622 502
1418351262 503
1418618235 504
1419909152 505
1422443404 506
1422444092 507
1436935320 508
1440168755 509
1440804168 510
1445522838 511
1446351397 512
1448591766 513
1448868137 514
1448936559 515
1450016008 516
1450103279 517
1450296978 518
1451401873 519
1455438367 520
1465630554 521
1479622707 522
1481336075 523
1481336455 524
1502870544 525
1503552296 526
1509957347 527
1511016097 528
1532285104 529
1533265020 530
1534270924 531
1534288046 532
1535372187 533
1539309006 534
1543138040 535
1543535599 536
1543949467 537
1544554625 538
1564619820 539
1570111396 540
1572520204 541
1598011458 542
1600489166 543
1604914822 544
1605181883 545
1605842920 546
1628135911 547
1629050586 548
1629383757 549
1633441295 550
1635617174 551
1669255212 552
1671638278 553
1687032976 554
1718114551 555
1720088459 556
1722185618 557
1722889803 558
1723506321 559
1748666238 560
1753535481 561
1784881382 562
1784955164 563
1784973350 564
1785240458 565
1785926866 566
1785931916 567
1787636059 568
1815934776 569
1816284179 570
1817712927 571
1818696317 572
1841174731 573
1875288631 574
1877667406 575
1878354441 576
1879095788 577
1879385017 578
1882009576 579
1906663957 580
1940487507 581
1941792709 582
2002147259 583
203253253 584
2034550982 585
203594164 586
203598466 587
204621549 588
204958353 589
204958872 590
205985855 591
2097303136 592
2147677469 593
2251787239 594
2283504379 595
234284305 596
234630133 597
235657073 598
236330337 599
263674097 600
264014957 601
266187342 602
266187383 603
266187477 604
266187480 605
266187559 606
266191407 607
266528086 608
266691460 609
266873591 610
267214250 611
267551639 612
267568157 613
267896360 614
268731005 615
294450004 616
295802733 617
295828029 618
295849410 619
296139882 620
296194535 621
296199021 622
296199026 623
296199149 624
296203324 625
296203325 626
296203392 627
296203434 628
296203440 629
296358430 630
296509709 631
296531366 632
296535619 633
296535655 634
296838079 635
296855409 636
296859399 637
297166053 638
297217528 639
297519815 640
297541369 641
297563139 642
297563270 643
297580589 644
297584752 645
297908595 646
297912117 647
297917277 648
297917363 649
297917364 650
297917459 651
297917475 652
297921570 653
297921608 654
297921808 655
297925487 656
297925526 657
297925608 658
297925628 659
297929807 660
297929902 661
297929935 662
297930068 663
297934012 664
297934349 665
297947227 666
298241038 667
298250090 668
298254384 669
298254474 670
298254517 671
298258354 672
298258399 673
298258415 674
298258513 675
298258611 676
298262408 677
298262488 678
298262498 679
298262599 680
298262663 681
298266660 682
298266903 683
298267069 684
298267091 685
298586553 686
298591130 687
298595196 688
298599269 689
298599271 690
298599664 691
298603633 692
298603693 693
298603730 694
298607679 695
298616588 696
298702668 697
298927224 698
298927362 699
298931489 700
298944444 701
298944479 702
298944745 703
298948785 704
298952944 705
298957166 706
299043307 707
299043389 708
299078990 709
299082033 710
299268507 711
299281245 712
299289811 713
299290105 714
299298381 715
299604862 716
299613480 717
299617529 718
299621755 719
299626157 720
299760154 721
299954300 722
299958695 723
324721026 724
324725187 725
325839288 726
325839302 727
326253554 728
326474963 729
326530038 730
326547252 731
326817334 732
326879917 733
326884223 734
326884331 735
326888433 736
326888609 737
326888627 738
326888675 739
326892322 740
327056220 741
327246381 742
327583395 743
327587644 744
327588225 745
327588446 746
327933008 747
327933208 748
327937494 749
327937506 750
328010530 751
328079288 752
328244591 753
328253133 754
328264983 755
328265389 756
328269766 757
328270395 758
328274638 759
328291093 760
328373131 761
328417092 762
328533761 763
328538408 764
328601956 765
328611004 766
328632707 767
328744210 768
328930845 769
328935472 770
328939480 771
328943204 772
328948348 773
328952123 774
328956505 775
329055655 776
329225149 777
329301513 778
329301762 779
329310230 780
329566174 781
329566197 782
329578247 783
329638509 784
329732855 785
329772284 786
329897255 787
329970706 788
329978745 789
329983926 790
329988112 791
330074324 792
330260421 793
330268940 794
330316013 795
330320065 796
330415332 797
330640044 798
330661529 799
330661573 800
330661786 801
330678844 802
330998090 803
331006655 804
331011085 805
331343089 806
331662710 807
331774819 808
355077858 809
355086967 810
356429209 811
356818551 812
356909006 813
356913605 814
357224041 815
357250005 816
357250238 817
357573154 818
357581846 819
357581860 820
357581939 821
357599074 822
357940977 823
357945155 824
358264919 825
358286194 826
358286442 827
358290805 828
358613806 829
358639742 830
358725902 831
358890923 832
359066834 833
359240396 834
359292188 835
359317340 836
359326764 837
359926787 838
359931311 839
360254108 840
360263797 841
360268385 842
360284300 843
360310976 844
360349882 845
360431653 846
360474485 847
360591860 848
360673271 849
360677632 850
360759031 851
360773196 852
361005850 853
361031397 854
361040812 855
361114148 856
361264970 857
361273559 858
361312146 859
361312808 860
361364000 861
361376643 862
361445621 863
361489208 864
361636071 865
361700223 866
361700674 867
361704572 868
361722354 869
361825416 870
361955066 871
362019898 872
362041442 873
362045855 874
362299997 875
362369976 876
362395402 877
362473525 878
362715189 879
362719326 880
362862047 881
364156501 882
386280932 883
386833850 884
386877197 885
387227028 886
387568523 887
387939267 888
387952104 889
388267095 890
388280249 891
388280297 892
388280322 893
388280529 894
388280541 895
388280610 896
388293131 897
388638672 898
388954086 899
388975834 900
389657555 901
389661909 902
389808550 903
389976940 904
390003153 905
390280026 906
390331583 907
390344260 908
390352384 909
390361224 910
390473497 911
390486371 912
390590450 913
390616496 914
390641835 915
390706983 916
390831305 917
391021712 918
391034580 919
391120561 920
391155063 921
391496898 922
391497219 923
391610069 924
391803510 925
392057736 926
392066096 927
392130578 928
392144191 929
392179333 930
392325925 931
392389970 932
392399005 933
392411222 934
392485374 935
392645419 936
392735903 937
392757094 938
392821837 939
393063351 940
393171256 941
393210919 942
393215059 943
393215404 944
393219680 945
393404592 946
393499533 947
393766777 948
393776005 949
393883499 950
394095053 951
416876055 952
417558532 953
417834021 954
417908800 955
418175238 956
418261858 957
418503161 958
418516266 959
418516470 960
418607328 961
418641700 962
418969927 963
418969956 964
418970095 965
418987009 966
419345606 967
419466429 968
420010739 969
420325753 970
420347328 971
420351087 972
420351828 973
420386244 974
420454870 975
420586101 976
420666689 977
420688062 978
420688241 979
420688294 980
420696828 981
420723066 982
420834927 983
421033734 984
421041565 985
421054850 986
421068062 987
421167339 988
421314273 989
421318649 990
421728488 991
421728750 992
422052346 993
422056477 994
422056521 995
422388958 996
422419397 997
422492727 998
422738252 999
422742649 1000
422751191 1001
422876942 1002
422877762 1003
423096449 1004
423096943 1005
423101189 1006
423105632 1007
423178587 1008
423213589 1009
423442357 1010
423512063 1011
423563311 1012
423748579 1013
423749262 1014
423766084 1015
423770604 1016
423783704 1017
423792217 1018
423792440 1019
423865889 1020
424193116 1021
424193645 1022
424250610 1023
424434994 1024
424452682 1025
424577375 1026
424582092 1027
424582503 1028
424788926 1029
424792976 1030
424793122 1031
424888924 1032
424918786 1033
425104178 1034
425126008 1035
425143700 1036
425148091 1037
425225678 1038
425259348 1039
425462513 1040
447599745 1041
447872055 1042
448204394 1043
448342846 1044
448536695 1045
448869118 1046
449205588 1047
449205611 1048
449209971 1049
449218986 1050
449288517 1051
449296930 1052
450004974 1053
450005014 1054
450034902 1055
450155482 1056
450354788 1057
450971893 1058
451049385 1059
451054039 1060
451062462 1061
451365099 1062
451390676 1063
451485030 1064
451662040 1065
451995306 1066
451995734 1067
452103083 1068
452162916 1069
452210677 1070
452336897 1071
452340995 1072
452401052 1073
452401246 1074
452552124 1075
452689494 1076
452694446 1077
452742028 1078
452771533 1079
452771913 1080
452841283 1081
452883920 1082
453087379 1083
453130054 1084
453194635 1085
453225226 1086
453380528 1087
453423834 1088
453436589 1089
453457927 1090
453522986 1091
453535678 1092
453535855 1093
453536107 1094
453536432 1095
453765256 1096
453794660 1097
453868924 1098
454089465 1099
454136171 1100
454218713 1101
454252960 1102
454469072 1103
454477603 1104
454589701 1105
454787848 1106
454792422 1107
454822542 1108
454822714 1109
454895999 1110
454896445 1111
454899862 1112
454939928 1113
455133591 1114
455141922 1115
455154890 1116
455155337 1117
455172836 1118
455229034 1119
455232361 1120
455232626 1121
455237031 1122
455280268 1123
455285838 1124
455483094 1125
455500416 1126
455578166 1127
455815977 1128
455819680 1129
455820184 1130
455919196 1131
456156825 1132
456174330 1133
456523994 1134
456597747 1135
456833888 1136
456846996 1137
456847100 1138
457175171 1139
457520516 1140
479260891 1141
479637825 1142
479908320 1143
479912747 1144
480029788 1145
480258208 1146
480328501 1147
480521586 1148
480664837 1149
480681197 1150
480854134 1151
480987689 1152
481034861 1153
481035392 1154
481070027 1155
481190355 1156
481191030 1157
481295335 1158
481359062 1159
481371769 1160
481390070 1161
481394217 1162
481406868 1163
481427934 1164
481532281 1165
481679524 1166
481731074 1167
481747302 1168
482002172 1169
482417237 1170
482421242 1171
482524464 1172
482563869 1173
482762280 1174
482861459 1175
483017681 1176
483099193 1177
483206709 1178
483245369 1179
483720758 1180
483797945 1181
483798285 1182
483889019 1183
484126552 1184
484130600 1185
484134987 1186
484147730 1187
484355328 1188
484368420 1189
484554412 1190
484605222 1191
484735637 1192
484735678 1193
484821546 1194
484825371 1195
484829654 1196
484890037 1197
484903253 1198
484911881 1199
484911954 1200
484942773 1201
485132675 1202
485171192 1203
485171425 1204
485231414 1205
485249150 1206
485252796 1207
485253580 1208
485511772 1209
485585976 1210
485589846 1211
485594106 1212
485628489 1213
485745069 1214
485926760 1215
485930943 1216
485930996 1217
485934666 1218
485934965 1219
485935405 1220
485935525 1221
485970020 1222
485973801 1223
486194398 1224
486272154 1225
486275900 1226
486314976 1227
486315287 1228
486444857 1229
486496648 1230
486518323 1231
486544396 1232
486608947 1233
486617890 1234
486812022 1235
486842208 1236
486867877 1237
486876782 1238
486880919 1239
486932201 1240
486958913 1241
486959190 1242
486994024 1243
486994091 1244
487144598 1245
487187476 1246
487191620 1247
487212916 1248
487217638 1249
487286529 1250
487299537 1251
487299879 1252
487300023 1253
487300209 1254
487329262 1255
487523851 1256
487541595 1257
487623053 1258
487640261 1259
487641257 1260
487671173 1261
487899426 1262
487899562 1263
487925037 1264
487925063 1265
487968933 1266
487976781 1267
488231898 1268
488231939 1269
488559952 1270
488572496 1271
488581156 1272
488922181 1273
488931037 1274
489375496 1275
508689623 1276
509924185 1277
509945954 1278
510049477 1279
510278421 1280
510278853 1281
510680365 1282
510987433 1283
511025402 1284
511271574 1285
511349908 1286
511353266 1287
511660697 1288
511685969 1289
511772101 1290
511888610 1291
512014262 1292
512411244 1293
512441111 1294
512441442 1295
512765816 1296
512774096 1297
512782759 1298
512787296 1299
513344531 1300
513668146 1301
513788774 1302
513887940 1303
513896195 1304
514043443 1305
514068564 1306
514116545 1307
514474716 1308
514474879 1309
514475106 1310
514583142 1311
514613165 1312
514708179 1313
514807275 1314
514816333 1315
514833145 1316
514837265 1317
514842241 1318
514850616 1319
514859045 1320
514958793 1321
515092013 1322
515152792 1323
515251693 1324
515588291 1325
515601611 1326
515869245 1327
515947322 1328
515947324 1329
516163285 1330
516214576 1331
516283789 1332
516288489 1333
516322115 1334
516525656 1335
516629544 1336
516780722 1337
516806504 1338
516857964 1339
516875221 1340
516888016 1341
516943929 1342
516965856 1343
516970679 1344
517207902 1345
517242832 1346
517280671 1347
517306720 1348
517506265 1349
517514142 1350
517578770 1351
517648018 1352
517652222 1353
517682957 1354
517687607 1355
517838657 1356
517838849 1357
517872280 1358
517885151 1359
517902689 1360
517910959 1361
517911104 1362
517984650 1363
517993507 1364
517993687 1365
518028678 1366
518036499 1367
518183562 1368
518217691 1369
518235177 1370
518252747 1371
518321804 1372
518325503 1373
518325699 1374
518329528 1375
518329861 1376
518364766 1377
518558825 1378
518576422 1379
518593663 1380
518598175 1381
518666806 1382
518670779 1383
518705498 1384
518899665 1385
518920893 1386
518921865 1387
518925962 1388
518930199 1389
518930220 1390
519004170 1391
519012059 1392
519012621 1393
519017242 1394
519046655 1395
519262429 1396
519279166 1397
519339923 1398
519354028 1399
519358587 1400
519591210 1401
519616809 1402
519620935 1403
519689333 1404
519694628 1405
519729208 1406
519949044 1407
520272258 1408
520285559 1409
520380132 1410
520617773 1411
520760152 1412
541192496 1413
541347811 1414
541697718 1415
541723810 1416
542376096 1417
542410481 1418
542691005 1419
542699260 1420
543023799 1421
543049093 1422
543092817 1423
543135607 1424
543234427 1425
543238468 1426
543256347 1427
543321179 1428
543412036 1429
543433461 1430
543441466 1431
543580330 1432
543592461 1433
543808842 1434
543821838 1435
543934429 1436
544037996 1437
544038123 1438
544107243 1439
544107335 1440
544158940 1441
544262349 1442
544265891 1443
544270890 1444
544275544 1445
544512309 1446
544599014 1447
544602598 1448
544611593 1449
544620026 1450
544620289 1451
544637659 1452
544706811 1453
544831533 1454
544931723 1455
544943779 1456
544948071 1457
545284648 1458
545289059 1459
545301965 1460
545444996 1461
545501062 1462
545510060 1463
545535468 1464
545617609 1465
545625900 1466
545626238 1467
545630021 1468
545634347 1469
545635037 1470
545639454 1471
545643385 1472
545872467 1473
545903200 1474
545962610 1475
545962614 1476
545966796 1477
545966857 1478
545967081 1479
545967423 1480
545967453 1481
545971084 1482
545971196 1483
545971266 1484
545971295 1485
545971650 1486
545971745 1487
545971748 1488
545975516 1489
545975741 1490
545975878 1491
545979714 1492
545980691 1493
545980713 1494
545984286 1495
546080131 1496
546196205 1497
546234932 1498
546287086 1499
546300005 1500
546303574 1501
546303917 1502
546307782 1503
546307807 1504
546308077 1505
546308189 1506
546312139 1507
546312597 1508
546312618 1509
546316417 1510
546316427 1511
546316499 1512
546316520 1513
546316584 1514
546316621 1515
546316765 1516
546325197 1517
546325237 1518
546325860 1519
546507208 1520
546640628 1521
546641039 1522
546661737 1523
546661830 1524
546661859 1525
546661879 1526
546661881 1527
546661929 1528
546661963 1529
546765551 1530
546977514 1531
546989945 1532
546998916 1533
547002880 1534
547002891 1535
547002907 1536
547158593 1537
547227734 1538
547240545 1539
547310321 1540
547318128 1541
547331291 1542
547343857 1543
547344214 1544
547551580 1545
547552266 1546
547565159 1547
547659321 1548
547672046 1549
547676867 1550
547677130 1551
547680689 1552
547681002 1553
547927681 1554
548013257 1555
548017378 1556
548017392 1557
548022079 1558
548025953 1559
548026646 1560
548031014 1561
548035062 1562
548203966 1563
548225503 1564
548250936 1565
548367192 1566
548367306 1567
548367416 1568
548367533 1569
548367581 1570
548371690 1571
548376023 1572
548377264 1573
548394273 1574
548570973 1575
548571023 1576
548575149 1577
548678665 1578
548691397 1579
548699471 1580
548704188 1581
548708124 1582
548708363 1583
548712377 1584
548712900 1585
548717604 1586
548718223 1587
548718226 1588
548718289 1589
548722401 1590
548722538 1591
548907426 1592
548937579 1593
548949855 1594
548963433 1595
548993536 1596
549032115 1597
549032154 1598
549032371 1599
549040631 1600
549158040 1601
549161688 1602
549175510 1603
549219101 1604
549252548 1605
549257678 1606
549261610 1607
549265887 1608
549269622 1609
549282467 1610
549347735 1611
549360458 1612
549364820 1613
549369305 1614
549369308 1615
549377217 1616
549377612 1617
549382144 1618
549385837 1619
549385850 1620
549597974 1621
549610772 1622
549611256 1623
549692908 1624
549701100 1625
549714149 1626
549718224 1627
549718297 1628
549722579 1629
549726953 1630
549727330 1631
549727386 1632
549731284 1633
549735839 1634
549744594 1635
549943673 1636
549955973 1637
549965027 1638
550033883 1639
550051705 1640
550055393 1641
550059489 1642
550063565 1643
550063615 1644
550063632 1645
550063806 1646
550068041 1647
550068399 1648
550072185 1649
550072202 1650
550072247 1651
550076798 1652
550081317 1653
550081666 1654
550275952 1655
550275987 1656
550280614 1657
550297695 1658
550301858 1659
550319575 1660
550319585 1661
550400302 1662
550404663 1663
550408954 1664
550408962 1665
550408990 1666
550413322 1667
550413337 1668
550417598 1669
550422109 1670
550422384 1671
550426732 1672
550431171 1673
550621853 1674
550638250 1675
550655668 1676
550655959 1677
550720698 1678
550737307 1679
550737387 1680
550741296 1681
550741323 1682
550745787 1683
550750102 1684
550962648 1685
550983795 1686
550988122 1687
551000891 1688
551004984 1689
551043841 1690
551065761 1691
551078480 1692
551086683 1693
551095302 1694
551095369 1695
551099643 1696
551099660 1697
551302781 1698
551303686 1699
551337690 1700
551341782 1701
551410783 1702
551427936 1703
551432025 1704
551446093 1705
551751968 1706
551751981 1707
551760443 1708
551764449 1709
551764469 1710
551777603 1711
573142557 1712
573289993 1713
573670049 1714
573683438 1715
574040939 1716
574420970 1717
574511458 1718
574515806 1719
574732075 1720
574965048 1721
574969092 1722
574973454 1723
575197482 1724
575301459 1725
575426742 1726
575768294 1727
575988538 1728
575992566 1729
576082257 1730
576208238 1731
576243061 1732
576324665 1733
576475847 1734
576502536 1735
576566223 1736
576566287 1737
576566621 1738
576574889 1739
576683512 1740
576825965 1741
576885542 1742
576898212 1743
576898907 1744
576898923 1745
576985092 1746
577002771 1747
577019326 1748
577205270 1749
577244511 1750
577330676 1751
577356430 1752
577369038 1753
577373434 1754
577554935 1755
577585079 1756
577697202 1757
577702398 1758
577709776 1759
577710786 1760
577720000 1761
578016879 1762
578038867 1763
578249948 1764
578253910 1765
578254032 1766
578284233 1767
578587420 1768
578621125 1769
578642656 1770
578686468 1771
578690477 1772
578690500 1773
578707605 1774
578725249 1775
578728838 1776
578893446 1777
578919867 1778
578936010 1779
578936603 1780
578936675 1781
578945164 1782
579014562 1783
579035665 1784
579194975 1785
579230376 1786
579234980 1787
579239039 1788
579268807 1789
579298760 1790
579398547 1791
579420195 1792
579420623 1793
579425252 1794
579536041 1795
579575594 1796
579596940 1797
579627475 1798
579648510 1799
579700707 1800
579769772 1801
579912201 1802
579946370 1803
579946915 1804
579963818 1805
580071186 1806
580084861 1807
580110678 1808
580288167 1809
580300616 1810
580317662 1811
580326857 1812
580413399 1813
580426342 1814
580662960 1815
580667978 1816
580732172 1817
580732377 1818
580732506 1819
580736603 1820
580736843 1821
580741415 1822
580745387 1823
580775496 1824
580775786 1825
580776190 1826
580780309 1827
580987056 1828
581004609 1829
581012908 1830
581013104 1831
581060581 1832
581064348 1833
581064707 1834
581069087 1835
581099105 1836
581121058 1837
5812979156 1838
5812979172 1839
5812979502 1840
5812979560 1841
5812979995 1842
5812980079 1843
5812980103 1844
5812980109 1845
5812980147 1846
5812980326 1847
5812980467 1848
5812980470 1849
5812980473 1850
5812980494 1851
5812980514 1852
5812980520 1853
5812980529 1854
5812980666 1855
5812980732 1856
5812980742 1857
5812980746 1858
5812980750 1859
5812980752 1860
5812980884 1861
5812980915 1862
5812980916 1863
5812980956 1864
5812980957 1865
5812981016 1866
5812981199 1867
5812981228 1868
5812981237 1869
5812981240 1870
5812981249 1871
5812981252 1872
5812981266 1873
5812981268 1874
5812981381 1875
5812981506 1876
5812981791 1877
5812981822 1878
5812981840 1879
5812981872 1880
5812982052 1881
5812982112 1882
5812982324 1883
5812982711 1884
5812982779 1885
5812982936 1886
5812982937 1887
5812982959 1888
5812982960 1889
5812982965 1890
5812982970 1891
5812982992 1892
5812982994 1893
5812983103 1894
5812983122 1895
5812983240 1896
5812983258 1897
5812983281 1898
5812983399 1899
5812983533 1900
5812983538 1901
5812983636 1902
5812983755 1903
5812983831 1904
5812983883 1905
5812986472 1906
5812987148 1907
5812987773 1908
5812989469 1909
5812989861 1910
5812991668 1911
5812994578 1912
5812997319 1913
5813001678 1914
5813004525 1915
5813007108 1916
5813007116 1917
5813008911 1918
5813008934 1919
5813009358 1920
5813009445 1921
5813009554 1922
5813009567 1923
5813009595 1924
5813009620 1925
5813009650 1926
5813009653 1927
5813009876 1928
5813010212 1929
5813010251 1930
5813010252 1931
5813010265 1932
5813010266 1933
5813010279 1934
5813010533 1935
5813010748 1936
5813010766 1937
5813010770 1938
5813010801 1939
5813010841 1940
5813010843 1941
5813010938 1942
5813011067 1943
5813011074 1944
5813011125 1945
5813011133 1946
5813011166 1947
5813011286 1948
5813011298 1949
5813011320 1950
5813011407 1951
5813011443 1952
5813011471 1953
5813011483 1954
5813011486 1955
5813011493 1956
5813011512 1957
5813011660 1958
5813011794 1959
5813011858 1960
5813011865 1961
5813012113 1962
5813012126 1963
5813012136 1964
5813012172 1965
5813012193 1966
5813012231 1967
5813012243 1968
5813012255 1969
5813012492 1970
5813012555 1971
5813012557 1972
5813012637 1973
5813012786 1974
5813012838 1975
5813012950 1976
5813012964 1977
5813012976 1978
5813012995 1979
5813013202 1980
5813013303 1981
5813013315 1982
5813013342 1983
5813013507 1984
5813013547 1985
5813013556 1986
5813013616 1987
5813013630 1988
5813013652 1989
5813013653 1990
5813013748 1991
5813013843 1992
5813014242 1993
5813014258 1994
5813014266 1995
5813014341 1996
5813014391 1997
5813014392 1998
5813014640 1999
5813014693 2000
5813014771 2001
5813014793 2002
5813015068 2003
5813015110 2004
5813015124 2005
5813015448 2006
5813015711 2007
5813016287 2008
5813016320 2009
5813016506 2010
5813016631 2011
5813016956 2012
5813016958 2013
5813019513 2014
5813019517 2015
5813019526 2016
5813019560 2017
5813019568 2018
5813019588 2019
5813019607 2020
5813019676 2021
5813019681 2022
5813019732 2023
5813019833 2024
5813019834 2025
5813019850 2026
5813019862 2027
5813019908 2028
5813019976 2029
5813020189 2030
5813020284 2031
5813020347 2032
5813020382 2033
5813020673 2034
5813020676 2035
5813020684 2036
5813020696 2037
5813020751 2038
5813020785 2039
5813020800 2040
5813020803 2041
5813020812 2042
5813020817 2043
5813020840 2044
5813020850 2045
5813020855 2046
5813020988 2047
5813020993 2048
5813020996 2049
5813021005 2050
5813021046 2051
5813021138 2052
5813021192 2053
5813021223 2054
5813021225 2055
5813021235 2056
5813021238 2057
5813021247 2058
5813021498 2059
5813021564 2060
5813021566 2061
5813021574 2062
5813021602 2063
5813021728 2064
5813021899 2065
5813022026 2066
5813022160 2067
5813022163 2068
5813022182 2069
5813022192 2070
5813022199 2071
5813022259 2072
5813022337 2073
5813022339 2074
5813022343 2075
5813022370 2076
5813022375 2077
5813022419 2078
5813022424 2079
5813022429 2080
5813022459 2081
5813022502 2082
5813022507 2083
5813022567 2084
5813022591 2085
5813022759 2086
5813022809 2087
5813022814 2088
5813022826 2089
5813022896 2090
5813022915 2091
5813022923 2092
5813022949 2093
5813022976 2094
5813024201 2095
5813026037 2096
5813026589 2097
5813026592 2098
5813026613 2099
5813026656 2100
5813026661 2101
5813026703 2102
5813026705 2103
5813026718 2104
5813026745 2105
5813026785 2106
5813027016 2107
5813027518 2108
5813027592 2109
5813027613 2110
5813027692 2111
5813027737 2112
5813027826 2113
5813027831 2114
5813032709 2115
5813032813 2116
5813032847 2117
5813032990 2118
5813033000 2119
5813033033 2120
5813033155 2121
5813033215 2122
5813033255 2123
5813033308 2124
5813033324 2125
5813033443 2126
5813033535 2127
5813033551 2128
5813034596 2129
5813035148 2130
5813035230 2131
5813035328 2132
5813035477 2133
5813035694 2134
5813035837 2135
5813039860 2136
5813039906 2137
5813039910 2138
5813039948 2139
5813040123 2140
5813040133 2141
5813040190 2142
5813040712 2143
5813040766 2144
5813040941 2145
5813041149 2146
5813041161 2147
5813041169 2148
5813041174 2149
5813041177 2150
5813041237 2151
5813041610 2152
5813041707 2153
5813042499 2154
5813046658 2155
5813046951 2156
5813047425 2157
5813047430 2158
5813047448 2159
5813047616 2160
5813047739 2161
5813047763 2162
5813048127 2163
5813048437 2164
5813048673 2165
5813049102 2166
5813049344 2167
5813049378 2168
5813049380 2169
5813049481 2170
5813049907 2171
5813049966 2172
5813050455 2173
5813052205 2174
5813052909 2175
5813053669 2176
5813053688 2177
5813053712 2178
5813053846 2179
5813053851 2180
5813053891 2181
5813054079 2182
5813054204 2183
5813054853 2184
5813055709 2185
5813055749 2186
5813055759 2187
5813055769 2188
5813055790 2189
5813055800 2190
5813055817 2191
5813055862 2192
5813055904 2193
5813055913 2194
5813055949 2195
5813055999 2196
5813056041 2197
5813056054 2198
5813056057 2199
5813056062 2200
5813056071 2201
5813056101 2202
5813056261 2203
5813056423 2204
5813056881 2205
5813056887 2206
5813056909 2207
5813056917 2208
5813056932 2209
5813056944 2210
5813056972 2211
5813056979 2212
5813057033 2213
5813057162 2214
5813057461 2215
5813057464 2216
5813057481 2217
5813057738 2218
5813057859 2219
5813057861 2220
5813057933 2221
5813057947 2222
5813057973 2223
5813058008 2224
5813058048 2225
5813058050 2226
5813058052 2227
5813058097 2228
5813058222 2229
5813058236 2230
5813058258 2231
5813058272 2232
5813058319 2233
5813058320 2234
5813058333 2235
5813058342 2236
5813058376 2237
5813058388 2238
5813058422 2239
5813058518 2240
5813060687 2241
5813060697 2242
5813060701 2243
5813060768 2244
5813060993 2245
5813061024 2246
5813061114 2247
5813061258 2248
5813061260 2249
5813061262 2250
5813061538 2251
5813061879 2252
5813061974 2253
5813062552 2254
5813062592 2255
5813062838 2256
5813062858 2257
5813062866 2258
5813062907 2259
5813063137 2260
5813063587 2261
5813064332 2262
5813064485 2263
5813064828 2264
5813066377 2265
5813067732 2266
5813067788 2267
5813068453 2268
5813068467 2269
5813068575 2270
5813068595 2271
5813068603 2272
5813068769 2273
5813069072 2274
5813069497 2275
5813069630 2276
5813069683 2277
5813069859 2278
5813069977 2279
5813070070 2280
5813070094 2281
5813070296 2282
5813070569 2283
5813070991 2284
5813071068 2285
5813071078 2286
5813071219 2287
5813071370 2288
5813071475 2289
5813075535 2290
5813075619 2291
5813075692 2292
5813075748 2293
5813075772 2294
5813075806 2295
5813075824 2296
5813076043 2297
5813077469 2298
5813077488 2299
5813077569 2300
5813077571 2301
5813077911 2302
5813077929 2303
5813077945 2304
5813077961 2305
5813078068 2306
5813078074 2307
5813078487 2308
5813078557 2309
5813078571 2310
5813078621 2311
5813078641 2312
5813078739 2313
5813079193 2314
5813079288 2315
5813079417 2316
5813079425 2317
5813080768 2318
5813080769 2319
5813081474 2320
5813081864 2321
5813082394 2322
5813082460 2323
5813082722 2324
5813082723 2325
5813083316 2326
5813083359 2327
5813083733 2328
5813083779 2329
5813083780 2330
5813083781 2331
5813087817 2332
5813087837 2333
5813087848 2334
5813087891 2335
5813087953 2336
5813088360 2337
5813088412 2338
5813088419 2339
5813088458 2340
5813088525 2341
5813088641 2342
5813088939 2343
5813089157 2344
5813089202 2345
5813089487 2346
5813089869 2347
5813090253 2348
5813090556 2349
5813091577 2350
5813092319 2351
5813092990 2352
5813093512 2353
5813094811 2354
5813096198 2355
5813096638 2356
5813096699 2357
5813096832 2358
5813096913 2359
5813097634 2360
5813098223 2361
5813098374 2362
5813098776 2363
5813098975 2364
5813103626 2365
5813104563 2366
5813104761 2367
5813105726 2368
5813105778 2369
5813108129 2370
5813108247 2371
5813108370 2372
5813109064 2373
5813109120 2374
5813109159 2375
5813109198 2376
5813109327 2377
5813111989 2378
5813116916 2379
5813117385 2380
5813123042 2381
5813123584 2382
5813124162 2383
5813127030 2384
5813128594 2385
5813129271 2386
5813129453 2387
5813129481 2388
5813130028 2389
5813132515 2390
5813133134 2391
5813133506 2392
5813133903 2393
5813133917 2394
5813134052 2395
5813134055 2396
5813134082 2397
5813134294 2398
581314586 2399
581332573 2400
581336531 2401
581336621 2402
581358486 2403
581405615 2404
581409749 2405
581414714 2406
581432310 2407
581436615 2408
581648167 2409
581652283 2410
581678043 2411
581685825 2412
581690438 2413
581746661 2414
581746674 2415
581754996 2416
581790318 2417
582027783 2418
582096833 2419
582101022 2420
582101205 2421
582118764 2422
582130477 2423
582139830 2424
582148503 2425
582333967 2426
582355376 2427
582372162 2428
582381047 2429
582381054 2430
582451095 2431
582473145 2432
582696254 2433
582700300 2434
582709537 2435
582791755 2436
582795696 2437
583015749 2438
583127938 2439
583132200 2440
583150030 2441
5901118375 2442
5901193890 2443
5901194840 2444
5901195945 2445
5901196159 2446
5901196319 2447
5901196628 2448
5901197108 2449
5901197274 2450
5901198036 2451
5901200903 2452
5901201676 2453
5901201909 2454
5901203310 2455
5901203505 2456
5901203703 2457
5901203704 2458
5901203987 2459
5901204845 2460
5901208549 2461
5901212906 2462
5901213155 2463
5901213440 2464
5901213624 2465
5901213707 2466
5901215775 2467
5901215966 2468
5901218930 2469
5901220525 2470
5901221584 2471
5901221649 2472
5901221890 2473
5901224780 2474
5901225197 2475
5901227695 2476
5901228218 2477
5901231318 2478
5901232053 2479
5901232546 2480
5901232601 2481
5901232690 2482
602071049 2483
602368546 2484
602476655 2485
602645152 2486
603068370 2487
603167111 2488
603444300 2489
603482385 2490
604070433 2491
604194925 2492
604195063 2493
604195247 2494
604289581 2495
604634863 2496
604661621 2497
604709727 2498
604856102 2499
604864322 2500
604864392 2501
604976663 2502
604989434 2503
604989814 2504
605006733 2505
605166418 2506
605532956 2507
605550395 2508
605554875 2509
605662705 2510
605994959 2511
605999323 2512
606193500 2513
606340818 2514
606461310 2515
606703149 2516
607195856 2517
607251100 2518
607260192 2519
607273128 2520
607273339 2521
607373222 2522
607592906 2523
607597135 2524
607692113 2525
607700797 2526
607894716 2527
607925257 2528
607929192 2529
607933758 2530
607938091 2531
607955261 2532
608041927 2533
608042044 2534
608059244 2535
608241077 2536
608261812 2537
608266363 2538
608278754 2539
608283432 2540
608301148 2541
608369629 2542
608377992 2543
608386952 2544
608417561 2545
608602824 2546
608628936 2547
608728678 2548
608754263 2549
608943524 2550
608944196 2551
608948356 2552
608974335 2553
609052312 2554
609281007 2555
609289395 2556
609297824 2557
609310926 2558
609513630 2559
609587511 2560
609587594 2561
609591640 2562
609591758 2563
609591823 2564
609591880 2565
609591891 2566
609591989 2567
609630483 2568
609647533 2569
609655670 2570
609656444 2571
609660480 2572
609664692 2573
609677179 2574
609765114 2575
609773847 2576
609893831 2577
609975449 2578
609979769 2579
609988789 2580
609992451 2581
609993550 2582
609997539 2583
610061715 2584
610070731 2585
610299911 2586
610312734 2587
610321430 2588
610321522 2589
610338229 2590
610342229 2591
610351307 2592
610368283 2593
610376954 2594
610381395 2595
610415691 2596
610446473 2597
610601810 2598
610670860 2599
610722297 2600
610731053 2601
610762153 2602
610799758 2603
610800574 2604
610803857 2605
610981584 2606
611015907 2607
611016455 2608
611020135 2609
611029037 2610
611037750 2611
611068232 2612
611089775 2613
611120001 2614
611262552 2615
611323310 2616
611340150 2617
611343891 2618
611348784 2619
611352588 2620
611357256 2621
611361002 2622
611361058 2623
611365952 2624
611413241 2625
611452437 2626
611465261 2627
611629428 2628
611663250 2629
611676650 2630
611693656 2631
611694145 2632
611771101 2633
611776075 2634
611796890 2635
611797999 2636
611810783 2637
611814312 2638
612004584 2639
612013591 2640
612034653 2641
612095452 2642
612121276 2643
612138999 2644
612146881 2645
612358673 2646
612367274 2647
612367371 2648
612371421 2649
612414168 2650
612422902 2651
612436752 2652
612440702 2653
612445325 2654
612488399 2655
612638791 2656
612643681 2657
612703762 2658
612704225 2659
612712334 2660
612742137 2661
612742165 2662
612742224 2663
612742229 2664
612742248 2665
612742298 2666
612742316 2667
612746557 2668
612746670 2669
612755343 2670
612777140 2671
612790140 2672
613040388 2673
613040803 2674
613044611 2675
613066879 2676
613079053 2677
613083298 2678
613083317 2679
613083359 2680
613083375 2681
613126471 2682
613175370 2683
613179816 2684
613338546 2685
613386220 2686
613394707 2687
613398542 2688
613420343 2689
613480833 2690
613520418 2691
613727557 2692
613744647 2693
613756712 2694
613813102 2695
613817604 2696
613822435 2697
613835914 2698
613847777 2699
613874080 2700
614081109 2701
614081151 2702
614172073 2703
614175857 2704
614179968 2705
614203259 2706
614413183 2707
614417802 2708
633541960 2709
634879889 2710
635674180 2711
635860358 2712
635890732 2713
635895000 2714
635908014 2715
636236092 2716
636344136 2717
636356423 2718
636594376 2719
636667489 2720
636944318 2721
637008792 2722
637224582 2723
637393228 2724
637475264 2725
637540087 2726
637621553 2727
637730365 2728
637949421 2729
637958190 2730
638040562 2731
638057879 2732
638057952 2733
638152829 2734
638312678 2735
638394209 2736
638740232 2737
638748929 2738
638964662 2739
638972808 2740
638985608 2741
638985888 2742
639008013 2743
639050664 2744
639063702 2745
639309432 2746
639310040 2747
639318234 2748
639327084 2749
639405054 2750
639585968 2751
639650941 2752
639655157 2753
639655378 2754
639659397 2755
639659514 2756
639667528 2757
639750347 2758
639762942 2759
639771058 2760
639957655 2761
639974538 2762
639995972 2763
640104852 2764
640276971 2765
640596169 2766
640617445 2767
640665331 2768
640691030 2769
640691209 2770
640755994 2771
640760406 2772
640804169 2773
640963528 2774
641062535 2775
641066630 2776
641118848 2777
641126853 2778
641355714 2779
641373426 2780
641403248 2781
641463651 2782
641464420 2783
641472615 2784
641688553 2785
641701225 2786
641709401 2787
641709938 2788
641714522 2789
641800787 2790
641805300 2791
642041782 2792
642046803 2793
642068547 2794
642123981 2795
642150995 2796
642171582 2797
642172120 2798
642365841 2799
642374754 2800
642378701 2801
642387595 2802
642387775 2803
642387793 2804
642496184 2805
642504699 2806
642504878 2807
642509080 2808
642651049 2809
642660081 2810
642664141 2811
642693620 2812
642694410 2813
642702809 2814
642715276 2815
642715563 2816
642715622 2817
642715875 2818
642720054 2819
642720190 2820
642723975 2821
642724189 2822
642724424 2823
642732835 2824
642763374 2825
642824051 2826
642827914 2827
642845604 2828
642846335 2829
642979697 2830
643005055 2831
643039876 2832
643052767 2833
643060819 2834
643061275 2835
643073880 2836
643078133 2837
643142863 2838
643152220 2839
643156727 2840
643160749 2841
643329030 2842
643350227 2843
643376222 2844
643389529 2845
643393020 2846
643393550 2847
643393624 2848
643393688 2849
643398197 2850
643401816 2851
643402037 2852
643475630 2853
643488175 2854
643502004 2855
643502099 2856
643502135 2857
643506462 2858
643515227 2859
643531962 2860
643679015 2861
643691163 2862
643721915 2863
643739027 2864
643743142 2865
643760681 2866
643773259 2867
643794320 2868
643847447 2869
643859327 2870
643860525 2871
643868715 2872
644083764 2873
644092984 2874
644113913 2875
644118254 2876
644148539 2877
644148561 2878
644148647 2879
644148661 2880
644148705 2881
644152981 2882
644161860 2883
644196793 2884
644218343 2885
644378240 2886
644408508 2887
644417074 2888
644417091 2889
644421171 2890
644425543 2891
644433538 2892
644437931 2893
644442919 2894
644450565 2895
644450686 2896
644529212 2897
644538274 2898
644757911 2899
644761952 2900
644788121 2901
644862107 2902
644862119 2903
644870768 2904
644874664 2905
644905045 2906
644908954 2907
645086558 2908
645094600 2909
645111897 2910
645198073 2911
645224664 2912
645228729 2913
645448827 2914
645449236 2915
645456880 2916
645556717 2917
645556898 2918
645897107 2919
665479890 2920
665556968 2921
665897487 2922
666200256 2923
666575508 2924
666942960 2925
667266529 2926
667271225 2927
667279709 2928
667413225 2929
667615836 2930
667758927 2931
668065234 2932
668077873 2933
668384542 2934
668618317 2935
668660617 2936
668742424 2937
668760410 2938
668768874 2939
668967527 2940
669075559 2941
669088684 2942
669097021 2943
669321086 2944
669325882 2945
669421910 2946
669433549 2947
669649730 2948
669649736 2949
669666822 2950
669675454 2951
669744300 2952
669779033 2953
669965108 2954
669977676 2955
669978138 2956
670003592 2957
670020922 2958
670024927 2959
670089878 2960
670094261 2961
670115770 2962
670353202 2963
670353384 2964
670357457 2965
670357488 2966
670357655 2967
670370149 2968
670370239 2969
670431030 2970
670435003 2971
670435566 2972
670448503 2973
670452932 2974
670469996 2975
670651346 2976
670681593 2977
670690090 2978
670693735 2979
670703141 2980
670772147 2981
670776253 2982
670776480 2983
670802203 2984
670810688 2985
670883838 2986
671026518 2987
671130857 2988
671143850 2989
671234167 2990
671393987 2991
671449467 2992
671462984 2993
671484332 2994
671657343 2995
671751354 2996
671756253 2997
671795298 2998
671803759 2999
672002621 3000
672041363 3001
672058109 3002
672092798 3003
672149658 3004
672157925 3005
672192070 3006
672390849 3007
672407642 3008
672429275 3009
672490308 3010
672491097 3011
672494647 3012
672494995 3013
672524871 3014
672598344 3015
672723441 3016
672809472 3017
672835284 3018
672840327 3019
672840346 3020
672875082 3021
673047760 3022
673068602 3023
673072771 3024
673072855 3025
673073015 3026
673077361 3027
673085197 3028
673085574 3029
673090000 3030
673177100 3031
673181026 3032
673185488 3033
673189141 3034
673207265 3035
673405506 3036
673413730 3037
673414084 3038
673418040 3039
673418284 3040
673426956 3041
673435566 3042
673509195 3043
673513595 3044
673513680 3045
673518025 3046
673518160 3047
673555868 3048
673702721 3049
673741976 3050
673746277 3051
673746538 3052
673755123 3053
673758836 3054
673763861 3055
673772212 3056
673772244 3057
673772290 3058
673776769 3059
673841414 3060
673845326 3061
673863199 3062
673867819 3063
673867913 3064
673884355 3065
674069555 3066
674096140 3067
674100160 3068
674108632 3069
674108802 3070
674186774 3071
674195797 3072
674195925 3073
674199553 3074
674200088 3075
674200163 3076
674204586 3077
674209325 3078
674420122 3079
674427795 3080
674446014 3081
674519060 3082
674532291 3083
674532453 3084
674540638 3085
674541239 3086
674545602 3087
674549878 3088
674554589 3089
674558711 3090
674562454 3091
674760695 3092
674760884 3093
674781866 3094
674807824 3095
674877940 3096
674882237 3097
674882250 3098
674882302 3099
674886219 3100
674886247 3101
674886426 3102
674890909 3103
674903997 3104
675097613 3105
675119034 3106
675127915 3107
675136878 3108
675144908 3109
675144948 3110
675148961 3111
675153151 3112
675166212 3113
675187509 3114
675187531 3115
675187558 3116
675187572 3117
675187643 3118
675214755 3119
675227374 3120
675235522 3121
675244095 3122
675244636 3123
675245169 3124
675245450 3125
675245573 3126
675442851 3127
675447609 3128
675451588 3129
675455751 3130
675468771 3131
675490204 3132
675490252 3133
675528661 3134
675551068 3135
675555065 3136
675567895 3137
675568335 3138
675577227 3139
675577297 3140
675586551 3141
675590677 3142
675767414 3143
675779986 3144
675784199 3145
675800901 3146
675809746 3147
675809900 3148
675822559 3149
675835107 3150
675883268 3151
675887521 3152
675892203 3153
675896290 3154
675909493 3155
675913699 3156
676133767 3157
676138357 3158
676262737 3159
676263463 3160
676263490 3161
676263706 3162
676479156 3163
676479217 3164
676482825 3165
676595818 3166
676604409 3167
676604635 3168
676802870 3169
676824431 3170
694299183 3171
695469100 3172
695500178 3173
696617614 3174
696846594 3175
696950427 3176
697061826 3177
697265869 3178
697269889 3179
697640740 3180
697977988 3181
698224251 3182
698314499 3183
698331117 3184
698400526 3185
698418398 3186
698443880 3187
698646654 3188
698742094 3189
698754421 3190
698772143 3191
698979607 3192
698996246 3193
699031185 3194
699178922 3195
699358695 3196
699363923 3197
699463239 3198
699665498 3199
699687305 3200
699695617 3201
699752330 3202
699791076 3203
700037217 3204
700144964 3205
700149394 3206
700347500 3207
700347654 3208
700356592 3209
700360289 3210
700377995 3211
700442663 3212
700472947 3213
700481649 3214
700486220 3215
700658962 3216
700779022 3217
700787980 3218
700792608 3219
700801298 3220
700805759 3221
700982749 3222
701055731 3223
701055933 3224
701120315 3225
701151126 3226
701345660 3227
701371011 3228
701383309 3229
701469455 3230
701470006 3231
701501142 3232
701522478 3233
701522843 3234
701733434 3235
701742479 3236
701815702 3237
701815778 3238
701824508 3239
702057375 3240
702079023 3241
702079135 3242
702152113 3243
702161043 3244
702199343 3245
702204722 3246
702506536 3247
702506641 3248
702511002 3249
702708540 3250
702730227 3251
702730249 3252
702739659 3253
702760942 3254
702765785 3255
702843399 3256
702843625 3257
702847749 3258
702847835 3259
702847867 3260
702865319 3261
702882168 3262
703050435 3263
703101952 3264
703106626 3265
703145276 3266
703179782 3267
703179848 3268
703188115 3269
703188128 3270
703193255 3271
703196977 3272
703421315 3273
703438567 3274
703520780 3275
703520999 3276
703546653 3277
703702863 3278
703740639 3279
703779386 3280
703792184 3281
703857506 3282
703857634 3283
703857647 3284
703865775 3285
703866010 3286
703866312 3287
703900244 3288
703909614 3289
704078253 3290
704094972 3291
704111734 3292
704116248 3293
704181203 3294
704211066 3295
704216351 3296
704216501 3297
704233784 3298
704453006 3299
704466265 3300
704526371 3301
704539463 3302
704543953 3303
704548170 3304
704548262 3305
704548608 3306
704552421 3307
704552677 3308
704557115 3309
704561517 3310
704583323 3311
704777224 3312
704781310 3313
704785058 3314
704785187 3315
704785256 3316
704785546 3317
704798196 3318
704816317 3319
704880173 3320
704880200 3321
704889031 3322
704893525 3323
704919972 3324
704920025 3325
705117582 3326
705118017 3327
705139000 3328
705152141 3329
705217250 3330
705225742 3331
705229969 3332
705230543 3333
705234668 3334
705243748 3335
705243820 3336
705260656 3337
705454177 3338
705462899 3339
705463539 3340
705471952 3341
705554290 3342
705554385 3343
705558104 3344
705558125 3345
705566917 3346
705571469 3347
705579678 3348
705589058 3349
705597377 3350
705787638 3351
705813217 3352
705816818 3353
705830147 3354
705895345 3355
705900015 3356
705921032 3357
705925937 3358
705934237 3359
705934295 3360
705938591 3361
706145536 3362
706176085 3363
706240348 3364
706253392 3365
706274906 3366
706275406 3367
706279208 3368
706279799 3369
706473389 3370
706508078 3371
706520453 3372
706590422 3373
706602555 3374
706607525 3375
706607701 3376
706616140 3377
706620311 3378
706625117 3379
706629854 3380
706780344 3381
706819341 3382
706862579 3383
706935923 3384
706944218 3385
706948943 3386
706952287 3387
706952549 3388
706965816 3389
706969794 3390
706970374 3391
707190304 3392
707303240 3393
707303341 3394
707539688 3395
707617749 3396
707622246 3397
707626940 3398
707627007 3399
707627039 3400
707837502 3401
707854620 3402
707854989 3403
707858790 3404
707863263 3405
707958716 3406
707962822 3407
707966860 3408
708187441 3409
708208811 3410
708312447 3411
708545526 3412
7112613360 3413
7112613371 3414
7112614935 3415
7112622044 3416
7112623383 3417
7112624446 3418
7112624947 3419
7112624972 3420
7112625063 3421
7112625115 3422
7112625126 3423
7112625282 3424
7112625310 3425
7112626236 3426
725701350 3427
727260872 3428
727276708 3429
727929407 3430
727968539 3431
728260915 3432
728625156 3433
728667734 3434
728974338 3435
728995438 3436
729007932 3437
729007988 3438
729358056 3439
729362386 3440
729457812 3441
729677428 3442
729698580 3443
729698667 3444
729811378 3445
729867599 3446
729997357 3447
730001920 3448
730006122 3449
730013818 3450
730104740 3451
730118077 3452
730130818 3453
730131007 3454
730147829 3455
730147972 3456
730148003 3457
730165570 3458
730368076 3459
730398148 3460
730398229 3461
730454511 3462
730475736 3463
730493835 3464
730497472 3465
730687491 3466
730709173 3467
730717696 3468
730721558 3469
730730860 3470
730743732 3471
730804352 3472
730830330 3473
730830911 3474
730834388 3475
730843416 3476
730843612 3477
731071789 3478
731140809 3479
731145304 3480
731150343 3481
731357364 3482
731434251 3483
731482010 3484
731494823 3485
731516751 3486
731524779 3487
731525563 3488
731689147 3489
731753669 3490
731831926 3491
731848935 3492
732034854 3493
732038716 3494
732064546 3495
732082028 3496
732086360 3497
732159588 3498
732163357 3499
732177096 3500
732189964 3501
732190039 3502
732431788 3503
732487987 3504
732496591 3505
732518846 3506
732518921 3507
732777416 3508
732885054 3509
733182574 3510
733187248 3511
733192083 3512
733203990 3513
733433426 3514
733458828 3515
733528372 3516
733532956 3517
733545854 3518
733575765 3519
733796382 3520
733834095 3521
733873446 3522
733873838 3523
734088804 3524
734223288 3525
734327429 3526
734408687 3527
734460065 3528
734460720 3529
734473582 3530
734491001 3531
734547253 3532
734581819 3533
734599550 3534
734754585 3535
734801540 3536
734814195 3537
734892616 3538
734901302 3539
734922690 3540
735091236 3541
735134301 3542
735146934 3543
735172672 3544
735228894 3545
735237649 3546
735250563 3547
735282133 3548
735470654 3549
735487570 3550
735488299 3551
735509967 3552
735569882 3553
735570063 3554
735582897 3555
735583313 3556
735772860 3557
735816081 3558
735816258 3559
735906575 3560
735928427 3561
735933007 3562
735941254 3563
735941543 3564
736109737 3565
736157288 3566
736173896 3567
736174181 3568
736265297 3569
736286550 3570
736291275 3571
736299981 3572
736433303 3573
736498255 3574
736502411 3575
736506940 3576
736507123 3577
736589443 3578
736597546 3579
736614555 3580
736615092 3581
736618725 3582
736619014 3583
736619385 3584
736623576 3585
736627575 3586
736779340 3587
736791573 3588
736830579 3589
736860990 3590
736942972 3591
736943136 3592
736951485 3593
736951791 3594
736960014 3595
736969264 3596
737189212 3597
737197431 3598
737262193 3599
737300958 3600
737318679 3601
737486877 3602
737491049 3603
737491087 3604
737512824 3605
737607426 3606
737607614 3607
737607638 3608
737646604 3609
737819547 3610
737892940 3611
737970549 3612
737970791 3613
737979073 3614
737996268 3615
737996475 3616
738008909 3617
738246510 3618
738652131 3619
738656940 3620
738665161 3621
738876690 3622
738876801 3623
738886042 3624
738989372 3625
738998158 3626
739002063 3627
739006671 3628
739213376 3629
739213909 3630
739226403 3631
739256609 3632
739343385 3633
739567785 3634
739572008 3635
739917109 3636
756623488 3637
758296423 3638
758674661 3639
758955666 3640
758977730 3641
759127597 3642
759633968 3643
759667315 3644
759991385 3645
760034514 3646
760268555 3647
760323253 3648
760358472 3649
760397191 3650
760487313 3651
760690116 3652
760729207 3653
760733648 3654
760733959 3655
760798618 3656
760806798 3657
760821030 3658
760828908 3659
760845715 3660
761040902 3661
761044410 3662
761083880 3663
761096077 3664
761144013 3665
761165432 3666
761174278 3667
761182838 3668
761182853 3669
761489398 3670
761494051 3671
761744194 3672
761838866 3673
761838951 3674
761843188 3675
761873196 3676
762037782 3677
762058745 3678
762093495 3679
762111368 3680
762171741 3681
762176004 3682
762184774 3683
762210257 3684
762215286 3685
762274975 3686
762520955 3687
762525634 3688
762525980 3689
762526201 3690
762534597 3691
762698149 3692
762745906 3693
762745957 3694
762836357 3695
762857726 3696
762857949 3697
763086729 3698
763116783 3699
763116811 3700
763121116 3701
763186493 3702
763220810 3703
763448955 3704
763470670 3705
763544185 3706
763807876 3707
763863652 3708
763885580 3709
763889196 3710
763890535 3711
764131610 3712
764144161 3713
764144274 3714
764148834 3715
764153172 3716
764222141 3717
764412104 3718
764463233 3719
764480568 3720
764817475 3721
764817903 3722
764843860 3723
764895885 3724
764900186 3725
764904200 3726
764908178 3727
764947702 3728
765244925 3729
765245188 3730
765271846 3731
765297666 3732
765495592 3733
765504308 3734
765517214 3735
765564814 3736
765590602 3737
765611896 3738
765823131 3739
765828288 3740
765840695 3741
765858328 3742
765870889 3743
765927246 3744
765931172 3745
765970508 3746
766126400 3747
766186252 3748
766190829 3749
766281447 3750
766298734 3751
766303244 3752
766303415 3753
766317306 3754
766385551 3755
766505428 3756
766518785 3757
766596941 3758
766635463 3759
766653726 3760
766657850 3761
766660682 3762
766838498 3763
766846796 3764
766863785 3765
766864238 3766
766898803 3767
766937594 3768
766963432 3769
766972346 3770
766972518 3771
766972529 3772
766976060 3773
766980905 3774
766994128 3775
766998635 3776
767217949 3777
767230880 3778
767309009 3779
767313008 3780
767313151 3781
767317361 3782
767317461 3783
767321428 3784
767329844 3785
767330990 3786
767486231 3787
767541763 3788
767550563 3789
767615925 3790
767641269 3791
767662994 3792
767903933 3793
767904550 3794
767964866 3795
767982148 3796
767995425 3797
768253675 3798
768301292 3799
768323661 3800
768336083 3801
768341026 3802
768349342 3803
768538968 3804
768590452 3805
768664758 3806
768672317 3807
768673135 3808
768677562 3809
768677597 3810
768695120 3811
768932330 3812
768983660 3813
768988114 3814
768992478 3815
769000618 3816
769018494 3817
769026574 3818
769031416 3819
769039805 3820
769048155 3821
769195048 3822
769199010 3823
769263962 3824
769264367 3825
769268002 3826
769277177 3827
769350533 3828
769355285 3829
769377106 3830
769592464 3831
769670101 3832
769682628 3833
769691157 3834
769924974 3835
769937253 3836
769942289 3837
770036920 3838
770041705 3839
770054370 3840
770374368 3841
770390693 3842
770395472 3843
770594290 3844
770952011 3845
789398359 3846
789726348 3847
790405385 3848
790417325 3849
790417660 3850
790520994 3851
790741191 3852
790741674 3853
790745816 3854
790754734 3855
790982851 3856
791043906 3857
791177986 3858
791371842 3859
791384849 3860
791406204 3861
791457874 3862
791501536 3863
791505612 3864
791527493 3865
792062042 3866
792100709 3867
792113805 3868
792113994 3869
792174783 3870
792175182 3871
792222455 3872
792230503 3873
792511506 3874
792515974 3875
792537736 3876
792538051 3877
792692885 3878
792800570 3879
792891477 3880
792908892 3881
793115804 3882
793128475 3883
793223024 3884
793448088 3885
793590678 3886
793595621 3887
793728667 3888
793797279 3889
793815358 3890
793892682 3891
793901460 3892
793905507 3893
794088227 3894
794225197 3895
794246765 3896
794256078 3897
794277305 3898
794406234 3899
794462286 3900
794505891 3901
794565759 3902
794574805 3903
794591963 3904
794829195 3905
794837606 3906
794919689 3907
794919972 3908
794920152 3909
794967711 3910
795200864 3911
795541800 3912
795546494 3913
795602549 3914
795627767 3915
795641312 3916
795814655 3917
795826923 3918
795874440 3919
795939076 3920
795939275 3921
795943400 3922
795943633 3923
795982617 3924
795982766 3925
796193592 3926
796284465 3927
796288875 3928
796333035 3929
796393522 3930
796543393 3931
796551956 3932
796599303 3933
796616551 3934
796617009 3935
796621138 3936
796625430 3937
796651131 3938
796755936 3939
796889169 3940
796940742 3941
796940968 3942
796953925 3943
796978752 3944
796992363 3945
797014340 3946
797194962 3947
797203742 3948
797216612 3949
797224871 3950
797255293 3951
797281464 3952
797282094 3953
797346466 3954
797350890 3955
797355185 3956
797545148 3957
797553943 3958
797557514 3959
797558130 3960
797562316 3961
797597156 3962
797643990 3963
797644437 3964
797661937 3965
797661983 3966
797928830 3967
797929520 3968
797929588 3969
797981213 3970
797989902 3971
798002859 3972
798253492 3973
798322393 3974
798352235 3975
798356481 3976
798593797 3977
798663548 3978
798667256 3979
798693540 3980
798849134 3981
798935342 3982
798939240 3983
799263200 3984
799272106 3985
799362484 3986
799578347 3987
799583417 3988
799613077 3989
799634618 3990
799686186 3991
799708105 3992
799721287 3993
799868224 3994
799919294 3995
799945378 3996
799949394 3997
800018427 3998
800212579 3999
800233950 4000
800264315 4001
800303089 4002
800312353 4003
800368659 4004
800373114 4005
800390041 4006
800390351 4007
800416654 4008
800579638 4009
800588608 4010
800618162 4011
800622401 4012
800743420 4013
800752612 4014
800937779 4015
800950514 4016
800964211 4017
801045754 4018
801049879 4019
801063995 4020
801068349 4021
801068371 4022
801085137 4023
801093476 4024
801094159 4025
801098079 4026
801257348 4027
801279493 4028
801283077 4029
801399904 4030
801404375 4031
801404810 4032
801421084 4033
801434469 4034
801434494 4035
801745385 4036
801762539 4037
817044778 4038
817678848 4039
819725372 4040
820856412 4041
821444004 4042
821703262 4043
821728921 4044
821780859 4045
822078542 4046
822099901 4047
822376419 4048
822380754 4049
822428009 4050
822526922 4051
822531203 4052
822531456 4053
822557984 4054
822558433 4055
822863807 4056
822907387 4057
823015627 4058
823144842 4059
823209397 4060
823562933 4061
823580438 4062
823590011 4063
823597871 4064
823852745 4065
823879266 4066
823913632 4067
824115747 4068
824128501 4069
824154920 4070
824245550 4071
824263198 4072
824275830 4073
824279766 4074
824349873 4075
824436554 4076
824457714 4077
824470535 4078
824565895 4079
824591345 4080
824823498 4081
824823860 4082
824935863 4083
824957718 4084
825277806 4085
825294962 4086
825489724 4087
825518758 4088
825618641 4089
825618697 4090
825644302 4091
825648763 4092
825822254 4093
825968875 4094
825989433 4095
825993580 4096
826002982 4097
826567700 4098
826615735 4099
826646173 4100
826663057 4101
826676539 4102
826844892 4103
826857417 4104
826952354 4105
826957102 4106
826996484 4107
827016935 4108
827198933 4109
827207454 4110
827293497 4111
827323331 4112
827367235 4113
827673856 4114
827707625 4115
827889434 4116
827889523 4117
827889874 4118
827893839 4119
827911067 4120
828027702 4121
828048629 4122
828048709 4123
828234642 4124
828282250 4125
828316115 4126
828316308 4127
828316322 4128
828316734 4129
828338171 4130
828359246 4131
828592924 4132
828592967 4133
828597380 4134
828631166 4135
828658121 4136
828662384 4137
828683848 4138
828696781 4139
828705781 4140
828929097 4141
828929800 4142
828934059 4143
828963747 4144
829020447 4145
829024965 4146
829050526 4147
829261936 4148
829279239 4149
829300772 4150
829365719 4151
829375020 4152
829379400 4153
829542849 4154
829636950 4155
829645793 4156
829693574 4157
829697614 4158
829706709 4159
829720294 4160
829745114 4161
830034406 4162
830039315 4163
830078762 4164
830301923 4165
830306703 4166
830384451 4167
830665034 4168
830708362 4169
830734617 4170
830950541 4171
830979737 4172
831057494 4173
831106059 4174
831291329 4175
831321033 4176
831325065 4177
831390608 4178
831394580 4179
831451599 4180
831955277 4181
832007501 4182
832011303 4183
832012249 4184
832016427 4185
832081349 4186
832084952 4187
832106319 4188
832106535 4189
832107249 4190
832115145 4191
832132667 4192
832132810 4193
832133283 4194
832357089 4195
832434880 4196
832456945 4197
832465975 4198
832473680 4199
832474071 4200
832780447 4201
832788806 4202
833017692 4203
833025924 4204
833030138 4205
833043564 4206
852479643 4207
852763122 4208
852820285 4209
852897751 4210
853233727 4211
853238466 4212
853428443 4213
853437941 4214
853514696 4215
853946023 4216
853951730 4217
853967794 4218
854611780 4219
854636911 4220
854861445 4221
854883067 4222
855147657 4223
855211157 4224
855280669 4225
855314682 4226
855493136 4227
855630800 4228
855634717 4229
855638407 4230
855643104 4231
855647099 4232
855984850 4233
855988318 4234
856282066 4235
856290796 4236
856549718 4237
856662382 4238
856662567 4239
856666448 4240
856670426 4241
856678883 4242
856886459 4243
857007332 4244
857235574 4245
857538779 4246
857650508 4247
857690129 4248
857710468 4249
857715717 4250
857918602 4251
858047578 4252
858453703 4253
858587718 4254
858604252 4255
858604499 4256
858608636 4257
858730688 4258
858738615 4259
858742883 4260
858906840 4261
858907062 4262
858928511 4263
858933153 4264
858954422 4265
858966744 4266
859010379 4267
859061820 4268
859062721 4269
859083245 4270
859265651 4271
859269976 4272
859277690 4273
859277955 4274
859377417 4275
859381489 4276
859554255 4277
859619198 4278
859665971 4279
859666136 4280
859688555 4281
859714144 4282
859735285 4283
859977121 4284
860063977 4285
860305498 4286
860314660 4287
860318176 4288
860655248 4289
861005020 4290
861065482 4291
861073717 4292
861078616 4293
861090896 4294
861251506 4295
861251942 4296
861393747 4297
861410430 4298
861708626 4299
861769826 4300
862010850 4301
862014446 4302
862023125 4303
862036858 4304
862132054 4305
862386599 4306
862456182 4307
862697175 4308
862705302 4309
862705904 4310
862722715 4311
862787861 4312
863024591 4313
863059358 4314
863146256 4315
863154484 4316
863163321 4317
863460836 4318
863496317 4319
863504548 4320
863509468 4321
863509476 4322
863698974 4323
863711565 4324
863728315 4325
863728743 4326
863797996 4327
863815503 4328
863841737 4329
863841743 4330
863846041 4331
864048288 4332
864048361 4333
864048523 4334
864070221 4335
864073833 4336
864074389 4337
864082741 4338
864156049 4339
864159982 4340
864168709 4341
864169621 4342
864385219 4343
864411332 4344
864738493 4345
881220948 4346
882580620 4347
883121695 4348
883177120 4349
883500704 4350
884123412 4351
884204783 4352
884269255 4353
884273795 4354
884484964 4355
884498779 4356
884619690 4357
884661462 4358
884782757 4359
884921013 4360
884921015 4361
884951348 4362
884987441 4363
885253534 4364
885257938 4365
885262090 4366
885262118 4367
885262311 4368
885331859 4369
885603106 4370
885952243 4371
885996122 4372
886259327 4373
886328403 4374
886342108 4375
886552797 4376
886643729 4377
886682742 4378
887015314 4379
887032638 4380
887247648 4381
887278376 4382
887373885 4383
887377287 4384
887640858 4385
887921032 4386
888413653 4387
888577052 4388
888577071 4389
888935605 4390
889410725 4391
889414490 4392
889414782 4393
889975909 4394
889993487 4395
890197225 4396
890287086 4397
890352070 4398
890619489 4399
890671753 4400
890709439 4401
890801251 4402
891111303 4403
891349160 4404
891663788 4405
891689909 4406
891771553 4407
892109219 4408
892376241 4409
892376720 4410
892385258 4411
892398461 4412
892794705 4413
892997744 4414
893080047 4415
893136529 4416
893136905 4417
893140673 4418
893148998 4419
893149866 4420
893338771 4421
893451279 4422
893460787 4423
893490555 4424
893495648 4425
893710296 4426
893723183 4427
893741163 4428
893754136 4429
893835506 4430
893858151 4431
894020730 4432
894103422 4433
894168625 4434
894172798 4435
894362173 4436
894380152 4437
894422413 4438
894436174 4439
894500674 4440
894518335 4441
894534421 4442
894539810 4443
894539977 4444
894543328 4445
894551935 4446
894702888 4447
894707517 4448
894849965 4449
894867675 4450
895091952 4451
895186781 4452
895441451 4453
895535909 4454
895778605 4455
912583959 4456
912951014 4457
913810052 4458
914466864 4459
914665176 4460
914846465 4461
914850280 4462
914958963 4463
914972076 4464
915273417 4465
915299337 4466
915605802 4467
915605943 4468
915610561 4469
915615021 4470
915623395 4471
915627746 4472
915913039 4473
915946994 4474
915951605 4475
915960293 4476
915960391 4477
915981352 4478
916020704 4479
916029180 4480
916038365 4481
916228169 4482
916288408 4483
916296656 4484
916296860 4485
916318415 4486
916330980 4487
916361342 4488
916370662 4489
916543308 4490
916569113 4491
916629686 4492
916655865 4493
916716867 4494
917048213 4495
917386177 4496
917643796 4497
917691380 4498
917708225 4499
917727045 4500
917919724 4501
918213141 4502
918390410 4503
918624025 4504
918722597 4505
918969339 4506
919064169 4507
919168397 4508
919448450 4509
919624822 4510
919672588 4511
919763043 4512
920057227 4513
920091866 4514
920108605 4515
920358918 4516
920359102 4517
920470959 4518
920652764 4519
920738998 4520
920799316 4521
920951427 4522
920994088 4523
920994194 4524
921015336 4525
921015773 4526
921115029 4527
921132358 4528
921438848 4529
921456248 4530
921456312 4531
921667198 4532
921702155 4533
921757789 4534
921814579 4535
922012309 4536
922064306 4537
922069357 4538
922073305 4539
922129431 4540
922138567 4541
922146751 4542
922302296 4543
922465929 4544
922470400 4545
922470780 4546
922496175 4547
922733254 4548
922798477 4549
922815552 4550
922992588 4551
923027316 4552
923131004 4553
923415956 4554
923437549 4555
923787513 4556
923809011 4557
924049792 4558
924144953 4559
924179420 4560
924180033 4561
924184557 4562
924429714 4563
924521176 4564
924737391 4565
924788221 4566
924879750 4567
925090871 4568
925181216 4569
925228998 4570
925241334 4571
925465972 4572
925540019 4573
925548084 4574
925583495 4575
925789667 4576
925799233 4577
925803065 4578
925811326 4579
925824977 4580
925876806 4581
925880305 4582
925885189 4583
925885748 4584
926226708 4585
926226796 4586
926238920 4587
926247591 4588
926575664 4589
926584037 4590
945354221 4591
945643469 4592
945894581 4593
946045327 4594
946300206 4595
946300310 4596
946339109 4597
946348088 4598
946689457 4599
946722969 4600
946990515 4601
947029413 4602
947357688 4603
947391929 4604
947573616 4605
947681574 4606
947685488 4607
947685653 4608
947743009 4609
947858895 4610
947898091 4611
947940970 4612
948260484 4613
948363764 4614
948997964 4615
949313055 4616
949347931 4617
950003666 4618
950349500 4619
950423070 4620
950591319 4621
950659823 4622
950751324 4623
950768550 4624
951052932 4625
951165633 4626
951381283 4627
951398596 4628
951446091 4629
951645198 4630
951670988 4631
951727279 4632
951738965 4633
951808062 4634
951842874 4635
952046042 4636
952059284 4637
952154184 4638
952158884 4639
952166744 4640
952374245 4641
952525648 4642
952723817 4643
952724101 4644
952736870 4645
952805573 4646
952836562 4647
953103667 4648
953210984 4649
953496510 4650
953514002 4651
953755666 4652
953764033 4653
953855039 4654
954126293 4655
954187572 4656
954222134 4657
954909042 4658
955464899 4659
955482642 4660
955888209 4661
955923194 4662
956173448 4663
956212778 4664
956228678 4665
956233435 4666
956259423 4667
956398176 4668
956518968 4669
956519212 4670
956575157 4671
956575249 4672
956799330 4673
956799414 4674
956820619 4675
956820684 4676
957136611 4677
957157217 4678
957162037 4679
957287330 4680
957287332 4681
957287426 4682
957287511 4683
957485415 4684
957490056 4685
957606517 4686
957606940 4687
957856547 4688
958197533 4689
974456295 4690
976260443 4691
976730002 4692
976934253 4693
976964834 4694
977002560 4695
977002744 4696
977006924 4697
977046327 4698
977335062 4699
977335129 4700
977338882 4701
977339225 4702
977339390 4703
977352235 4704
977420970 4705
977697611 4706
977736804 4707
978056035 4708
978345784 4709
978366493 4710
978410087 4711
978427303 4712
978681977 4713
978747045 4714
978971398 4715
979052812 4716
979436792 4717
980684732 4718
980697872 4719
981129593 4720
981146431 4721
981333558 4722
981466637 4723
982079951 4724
982148129 4725
982148245 4726
982157498 4727
982157755 4728
982416230 4729
982489688 4730
982537811 4731
982540894 4732
982718586 4733
982722899 4734
982856062 4735
982865736 4736
983063787 4737
983106431 4738
983158533 4739
983193348 4740
983460640 4741
983517089 4742
983759126 4743
983767417 4744
983771898 4745
983771927 4746
983888897 4747
983905050 4748
984536209 4749
984799376 4750
984833702 4751
984894165 4752
985481222 4753
985481565 4754
985485221 4755
985805061 4756
985813153 4757
985822469 4758
986094132 4759
986098785 4760
986180442 4761
986585920 4762
986621628 4763
986828383 4764
986879849 4765
986896832 4766
986918760 4767
986957802 4768
986974738 4769
987117151 4770
987190785 4771
987255717 4772
987272562 4773
987273251 4774
987601353 4775
987618620 4776
987623162 4777
987640747 4778
987833765 4779
987834099 4780
987877232 4781
987924718 4782
987942060 4783
987976341 4784
987976403 4785
987997896 4786
988269593 4787
988291460 4788
988567837 4789
988632865 4790
988905105 4791
988909130 4792
989224451 4793
