1006258344 1
1036504644 2
1037293275 3
1037517925 4
1037518512 5
1039237469 6
1069929827 7
1070613107 8
1099911913 9
1102334088 10
1225100939 11
1316245799 12
1322012611 13
1322353714 14
1322353824 15
1322353841 16
1406966879 17
1411784734 18
1415825344 19
1415829574 20
1418618235 21
1442819296 22
1447201088 23
1447205602 24
1536947502 25
1539978151 26
1543124896 27
1543124950 28
1543124957 29
1547454812 30
1570685033 31
1570685283 32
1574159751 33
1574159997 34
1574160090 35
1574160129 36
1574164298 37
1574164489 38
1574164579 39
1574501116 40
1574833154 41
1575170261 42
1575170425 43
1575170548 44
1578826464 45
1604858244 46
1604858301 47
1605186174 48
1605186300 49
1605186410 50
1605190291 51
1605190359 52
1605190489 53
1605190560 54
1605190603 55
1605190615 56
1605190625 57
1605194516 58
1605194797 59
1605195203 60
1605198915 61
1605199651 62
1605203628 63
1605204164 64
1605204239 65
1605205438 66
1605205482 67
1605522829 68
1605523130 69
1605523221 70
1605863918 71
1605863963 72
1605864014 73
1605864018 74
1605864206 75
1605864500 76
1605864501 77
1609542060 78
1609878752 79
1609883245 80
1610224198 81
1610530558 82
1630051981 83
1630734360 84
1635884589 85
1635884784 86
1635888647 87
1635889014 88
1635889103 89
1635893150 90
1635893275 91
1635893359 92
1635893408 93
1635893414 94
1635893421 95
1635893494 96
1635893554 97
1636221010 98
1636221143 99
1636221188 100
1636221240 101
1636225271 102
1636225296 103
1636225341 104
1636225363 105
1636225489 106
1636225502 107
1636225517 108
1636225531 109
1636225559 110
1636225564 111
1636225589 112
1636225622 113
1636225661 114
1636229688 115
1636229755 116
1636233881 117
1636233970 118
1636233979 119
1636234012 120
1636234045 121
1636238659 122
1636238769 123
1636238887 124
1636238971 125
1636239206 126
1636240001 127
1636557601 128
1636557945 129
1636558008 130
1636558202 131
1636558291 132
1636558405 133
1636898862 134
1636899236 135
1636899254 136
1637231631 137
1637239858 138
1637239941 139
1637239975 140
1637240364 141
1637568633 142
1638315078 143
1639010352 144
1639230478 145
1639234609 146
1639243580 147
1639252213 148
1639368236 149
1639381243 150
1639579954 151
1639588874 152
1639588904 153
1639593146 154
1639593245 155
1639709286 156
1639709508 157
1639709544 158
1639886198 159
1639921133 160
1639921179 161
1639925326 162
1639925359 163
1639938708 164
1639943177 165
1640050851 166
1640257586 167
1640279391 168
1640555311 169
1640568102 170
1640572741 171
1640572862 172
1640577143 173
1640581107 174
1640585539 175
1640594274 176
1640887603 177
1640909284 178
1640913594 179
1640922302 180
1640922390 181
1640922516 182
1640922754 183
1640926495 184
1640926761 185
1641250391 186
1641250455 187
1641254638 188
1641258972 189
1641263276 190
1641600157 191
1642623277 192
1661769627 193
1666574199 194
1666578148 195
1666578327 196
1666578620 197
1666578623 198
1666578624 199
1666578629 200
1666582562 201
1666582877 202
1666583002 203
1666586731 204
1666586817 205
1666586873 206
1666587007 207
1666587375 208
1666591156 209
1666596157 210
1666910607 211
1666910636 212
1666910690 213
1666914838 214
1666914948 215
1666914962 216
1666914994 217
1666915031 218
1666915045 219
1666915165 220
1666915169 221
1666915198 222
1666915286 223
1666915408 224
1666919180 225
1666919254 226
1666919260 227
1666919287 228
1666919411 229
1666919676 230
1666923367 231
1666923427 232
1666923551 233
1666923703 234
1666923720 235
1666928084 236
1666928150 237
1666928495 238
1666932304 239
1666932688 240
1666932704 241
1666932850 242
1666936597 243
1666954322 244
1667247553 245
1667247833 246
1667251683 247
1667251907 248
1667255933 249
1667260226 250
1667260236 251
1667260242 252
1667260271 253
1667260273 254
1667260659 255
1667264339 256
1667264461 257
1667277506 258
1667281839 259
1667281936 260
1667592446 261
1667592481 262
1667592552 263
1667592575 264
1667592674 265
1667592917 266
1667592954 267
1667592980 268
1667593128 269
1667597008 270
1667597412 271
1667929661 272
1667929794 273
1667933626 274
1667933640 275
1667933862 276
1667933908 277
1667933931 278
1667934038 279
1667934041 280
1667995030 281
1668258376 282
1668262697 283
1668266547 284
1668266562 285
1668270697 286
1668275074 287
1668335478 288
1668599546 289
1668603328 290
1668603435 291
1668603457 292
1668607518 293
1668611764 294
1668616407 295
1668676767 296
1668940163 297
1668940289 298
1668943729 299
1668944259 300
1668944307 301
1668948547 302
1669017843 303
1669018304 304
1669021944 305
1669272579 306
1669280923 307
1669281037 308
1669358817 309
1669363503 310
1669621744 311
1669621996 312
1669622057 313
1669626597 314
1669699436 315
1669699714 316
1669704840 317
1669708938 318
1669716903 319
1669716934 320
1669716941 321
1669721441 322
1669721587 323
1669725839 324
1669726032 325
1669730156 326
1669915315 327
1669919662 328
1669919865 329
1669924220 330
1669928799 331
1669928802 332
1669933011 333
1669946117 334
1669949998 335
1669967018 336
1670045635 337
1670247742 338
1670252047 339
1670252082 340
1670252091 341
1670252125 342
1670256057 343
1670256074 344
1670256121 345
1670256123 346
1670256170 347
1670256200 348
1670256208 349
1670256226 350
1670256275 351
1670256285 352
1670256369 353
1670256374 354
1670256379 355
1670260748 356
1670264761 357
1670265016 358
1670265095 359
1670269656 360
1670273743 361
1670278227 362
1670282465 363
1670286505 364
1670286565 365
1670286643 366
1670286938 367
1670287030 368
1670290830 369
1670290840 370
1670291083 371
1670295588 372
1670295679 373
1670299473 374
1670381907 375
1670382036 376
1670386270 377
1670390647 378
1670411672 379
1670584497 380
1670588784 381
1670588790 382
1670593041 383
1670593195 384
1670593240 385
1670597202 386
1670597359 387
1670597454 388
1670597533 389
1670610554 390
1670618642 391
1670623318 392
1670623474 393
1670623676 394
1670623716 395
1670627821 396
1670627928 397
1670628153 398
1670631838 399
1670632284 400
1670632335 401
1670632384 402
1670632390 403
1670636531 404
1670640429 405
1670748385 406
1670761442 407
1670916819 408
1670934124 409
1670934131 410
1670934213 411
1670934229 412
1670938273 413
1670938437 414
1670938446 415
1670942575 416
1670960408 417
1670969304 418
1670969318 419
1670972802 420
1670973150 421
1671257931 422
1671270646 423
1671270875 424
1671271059 425
1671271189 426
1671271225 427
1671275020 428
1671275383 429
1671279391 430
1671283628 431
1671283826 432
1671288313 433
1671292634 434
1671292694 435
1671292719 436
1671297064 437
1671305698 438
1671603266 439
1671603328 440
1671608112 441
1671616310 442
1671616374 443
1671616397 444
1671620549 445
1671620573 446
1671620613 447
1671620813 448
1671620917 449
1671621020 450
1671621030 451
1671625186 452
1671625238 453
1671625304 454
1671629267 455
1671629301 456
1671629585 457
1671638278 458
1671642346 459
1671944099 460
1671952694 461
1671952714 462
1671957122 463
1671961938 464
1671965948 465
1671966064 466
1671966114 467
1671966229 468
1671966254 469
1671970212 470
1671970238 471
1671970331 472
1671970367 473
1671970683 474
1671970762 475
1671974365 476
1672293837 477
1672293878 478
1672298077 479
1672307311 480
1672311578 481
1672311668 482
1672311674 483
1672315788 484
1672316002 485
1672316122 486
1672316164 487
1672316168 488
1672319994 489
1672320134 490
1672328902 491
1672635273 492
1672639485 493
1672643988 494
1672652372 495
1692817033 496
1693486219 497
1693827279 498
1696948638 499
1697263685 500
1697272285 501
1697276313 502
1697276582 503
1697276648 504
1697276695 505
1697280776 506
1697280847 507
1697280950 508
1697281203 509
1697285129 510
1697285165 511
1697285307 512
1697285520 513
1697285565 514
1697285571 515
1697285610 516
1697600363 517
1697604748 518
1697605071 519
1697608583 520
1697608860 521
1697609151 522
1697609381 523
1697613072 524
1697613132 525
1697613170 526
1697613300 527
1697613314 528
1697613458 529
1697613466 530
1697613506 531
1697613513 532
1697613611 533
1697613650 534
1697617556 535
1697617570 536
1697617587 537
1697621641 538
1697621973 539
1697621981 540
1697621991 541
1697630404 542
1697648168 543
1697937875 544
1697941039 545
1697945551 546
1697945569 547
1697949646 548
1697949713 549
1697949895 550
1697949977 551
1697954189 552
1697954208 553
1697958405 554
1697988867 555
1697993770 556
1698002425 557
1698274536 558
1698278095 559
1698278105 560
1698278346 561
1698286329 562
1698334367 563
1698338840 564
1698338865 565
1698338958 566
1698343052 567
1698618777 568
1698618858 569
1698619179 570
1698619238 571
1698623120 572
1698623131 573
1698679708 574
1698693312 575
1698956390 576
1699029525 577
1699379523 578
1699633453 579
1699633680 580
1699637626 581
1699698428 582
1699711025 583
1699711114 584
1699711405 585
1699715276 586
1699715494 587
1699719901 588
1699957886 589
1699961833 590
1699961883 591
1699961895 592
1699961956 593
1699962012 594
1699962040 595
1699962056 596
1699962188 597
1699966364 598
1699966555 599
1699970640 600
1699974338 601
1699974426 602
1699974843 603
1700052335 604
1700294219 605
1700298673 606
1700298962 607
1700299033 608
1700303013 609
1700303249 610
1700307580 611
1700307582 612
1700319770 613
1700328422 614
1700393451 615
1700596143 616
1700596168 617
1700600598 618
1700604830 619
1700604898 620
1700604950 621
1700604978 622
1700605059 623
1700605075 624
1700609155 625
1700609238 626
1700609292 627
1700609325 628
1700613376 629
1700613391 630
1700613524 631
1700613531 632
1700613639 633
1700613707 634
1700617897 635
1700635321 636
1700635521 637
1700639697 638
1700639720 639
1700644008 640
1700644027 641
1700648149 642
1700652037 643
1700652765 644
1700657154 645
1700661304 646
1700665363 647
1700739144 648
1700743216 649
1700932816 650
1700932879 651
1700937093 652
1700937308 653
1700941352 654
1700941431 655
1700941475 656
1700941629 657
1700941902 658
1700946085 659
1700946301 660
1700946302 661
1700980265 662
1700980443 663
1700980593 664
1700980626 665
1700980659 666
1700980693 667
1700980727 668
1700984539 669
1700984878 670
1701273869 671
1701277993 672
1701278023 673
1701278090 674
1701282729 675
1701286638 676
1701287251 677
1701299822 678
1701312982 679
1701325725 680
1701343239 681
1701614773 682
1701614779 683
1701614885 684
1701614980 685
1701614996 686
1701628254 687
1701628317 688
1701640773 689
1701675332 690
1701675592 691
1701757711 692
1701947337 693
1701960292 694
1701969373 695
1701985992 696
1701999467 697
1702021357 698
1702107389 699
1702301695 700
1702301766 701
1702305987 702
1702306037 703
1702306047 704
1702310266 705
1702318692 706
1702318994 707
1702323245 708
1702323386 709
1702323388 710
1702336044 711
1702336197 712
1702642353 713
1702647113 714
1702651358 715
1702668580 716
1702681019 717
1702802179 718
1702810993 719
1702811119 720
1702979194 721
1703000805 722
1703017933 723
1703018165 724
1703147500 725
1703151910 726
1703337673 727
1703337982 728
1703342127 729
1703342190 730
1703346294 731
1703346462 732
1703359176 733
1703363258 734
1703363456 735
1703678670 736
1703682799 737
1703682848 738
1703682852 739
1703683023 740
1703683060 741
1703683156 742
1703683329 743
1703683361 744
1703691458 745
1703691551 746
1703695886 747
1703699955 748
1704006659 749
1704011227 750
1704028333 751
1704036587 752
1704347707 753
1723506321 754
1727961873 755
1727970209 756
1727970309 757
1727975215 758
1727979406 759
1727987554 760
1727988111 761
1727996245 762
1728294045 763
1728294318 764
1728298525 765
1728307233 766
1728311554 767
1728311658 768
1728315957 769
1728639981 770
1728652192 771
1728975990 772
1728984763 773
1729312828 774
1729312857 775
1729317173 776
1729321593 777
1729650077 778
1729650124 779
1729982373 780
1729991014 781
1729995175 782
1729999155 783
1730315051 784
1730319288 785
1730323031 786
1730327790 787
1730332034 788
1730647280 789
1730651423 790
1730651473 791
1730651751 792
1730651767 793
1730656082 794
1730754676 795
1730979793 796
1730988388 797
1730992706 798
1730996778 799
1731018438 800
1731109531 801
1731290073 802
1731294438 803
1731294496 804
1731298838 805
1731298907 806
1731303224 807
1731303242 808
1731307775 809
1731312117 810
1731325040 811
1731325118 812
1731354634 813
1731354983 814
1731363527 815
1731626597 816
1731626686 817
1731626687 818
1731626696 819
1731631045 820
1731631051 821
1731631097 822
1731631162 823
1731631196 824
1731631236 825
1731640090 826
1732002326 827
1732032410 828
1732037171 829
1732110512 830
1732313117 831
1732335034 832
1732347723 833
1732360891 834
1732369784 835
1732451638 836
1732455860 837
1732662644 838
1732667174 839
1732701761 840
1732710728 841
1732714479 842
1732714978 843
1732719013 844
1732719340 845
1732719510 846
1732719528 847
1732792926 848
1732797061 849
1732990851 850
1732990947 851
1732995501 852
1733056086 853
1733176434 854
1733362255 855
1733370882 856
1733387903 857
1733402071 858
1733491818 859
1733677514 860
1733681572 861
1733720780 862
1733833296 863
1733850183 864
1734022523 865
1734182300 866
1734350776 867
1734350788 868
1734350800 869
1734350801 870
1734350808 871
1734350882 872
1734350908 873
1734355225 874
1734355247 875
1734355428 876
1734355450 877
1734355466 878
1734359876 879
1734372986 880
1734376987 881
1734377152 882
1734381013 883
1734398424 884
1734402468 885
1734420152 886
1734691670 887
1734691780 888
1734691853 889
1734691865 890
1734696429 891
1734696604 892
1734696656 893
1734704874 894
1734705201 895
1734705240 896
1734713656 897
1734713691 898
1734713762 899
1734717557 900
1734717666 901
1734717736 902
1734717804 903
1734717977 904
1734718023 905
1734718081 906
1734718131 907
1734718171 908
1734718175 909
1734718209 910
1734722060 911
1734722214 912
1734722219 913
1734726319 914
1734730862 915
1734739361 916
1735032816 917
1735037070 918
1735037194 919
1735037273 920
1735041817 921
1735041965 922
1735042035 923
1735050696 924
1735050861 925
1735054428 926
1735054607 927
1735054729 928
1735054881 929
1735058800 930
1735058916 931
1735059028 932
1735059070 933
1735059089 934
1735063134 935
1735063443 936
1735067302 937
1735071492 938
1735076146 939
1735378183 940
1735378225 941
1735378236 942
1735382530 943
1735382574 944
1735386920 945
1735391275 946
1735395504 947
1735395524 948
1735399719 949
1735399997 950
1735404269 951
1735408330 952
1755556097 953
1755556277 954
1756579280 955
1758323593 956
1758327834 957
1758332523 958
1758337351 959
1758664674 960
1758664678 961
1758664692 962
1758664807 963
1758673652 964
1758673668 965
1758993191 966
1759001329 967
1759019221 968
1759329294 969
1759329458 970
1759342056 971
1759662154 972
1759670012 973
1759674685 974
1759682777 975
1759999022 976
1760003326 977
1760080402 978
1760672364 979
1760684911 980
1760770838 981
1761345181 982
1761345315 983
1761354106 984
1761354107 985
1761660556 986
1761992915 987
1762014090 988
1762109467 989
1762143995 990
1762320660 991
1762320684 992
1762320698 993
1762320708 994
1762325266 995
1762346768 996
1762346937 997
1762351201 998
1762354941 999
1762359683 1000
1762372489 1001
1762385236 1002
1762463737 1003
1762657342 1004
1762657390 1005
1762661722 1006
1762674761 1007
1762683224 1008
1762687580 1009
1762704980 1010
1762722313 1011
1762804655 1012
1763028812 1013
1763037543 1014
1763136670 1015
1763136774 1016
1763141118 1017
1763145263 1018
1763145289 1019
1763149978 1020
1763167252 1021
1763360713 1022
1763369932 1023
1763400141 1024
1763417310 1025
1763421945 1026
1763473480 1027
1763477766 1028
1763486214 1029
1763693549 1030
1763728340 1031
1763732482 1032
1763754346 1033
1763823186 1034
1763831814 1035
1763836115 1036
1764034593 1037
1764038713 1038
1764073603 1039
1764082256 1040
1764091241 1041
1764095366 1042
1764100040 1043
1764168474 1044
1764388538 1045
1764427482 1046
1764431422 1047
1764445682 1048
1764699151 1049
1764703462 1050
1764703552 1051
1764708187 1052
1764733951 1053
1764764189 1054
1764764305 1055
1764764500 1056
1764768611 1057
1764768842 1058
1764772942 1059
1765040222 1060
1765040289 1061
1765044577 1062
1765044896 1063
1765049329 1064
1765053669 1065
1765083540 1066
1765088159 1067
1765101135 1068
1765101274 1069
1765104972 1070
1765105564 1071
1765109775 1072
1765114306 1073
1765381455 1074
1765385705 1075
1765386030 1076
1765394273 1077
1765398738 1078
1765403303 1079
1765415970 1080
1765420143 1081
1765446721 1082
1765727039 1083
1765731259 1084
1765748649 1085
1765756933 1086
1765757361 1087
1765761177 1088
1765765942 1089
1766067809 1090
1766067816 1091
1766068129 1092
1766068147 1093
1766068153 1094
1766106647 1095
1766111002 1096
1766119872 1097
1766409090 1098
1766413024 1099
1766434854 1100
1766435031 1101
1766439452 1102
1766443340 1103
1766443374 1104
1766753982 1105
1766754285 1106
1766758683 1107
1766762919 1108
1788300760 1109
1788676257 1110
1788680513 1111
1788680591 1112
1788680762 1113
1788685103 1114
1788689504 1115
1789013008 1116
1789017486 1117
1789034579 1118
1789358560 1119
1789358636 1120
1789363459 1121
1789370758 1122
1789695634 1123
1789695647 1124
1789742943 1125
1789747116 1126
1790027507 1127
1790027663 1128
1790027811 1129
1790027860 1130
1790078970 1131
1790079036 1132
1790083460 1133
1790363808 1134
1790364325 1135
1790368589 1136
1790709210 1137
1790760961 1138
1790770089 1139
1791033954 1140
1791443060 1141
1791706291 1142
1791728189 1143
1791784000 1144
1791784002 1145
1791784004 1146
1791784021 1147
1791784044 1148
1791784074 1149
1792052241 1150
1792056586 1151
1792125082 1152
1792384630 1153
1792389092 1154
1792461775 1155
1792690973 1156
1792703728 1157
1792712389 1158
1792721178 1159
1792738769 1160
1792751315 1161
1792802753 1162
1792802765 1163
1792807347 1164
1793009969 1165
1793010029 1166
1793010051 1167
1793010128 1168
1793014287 1169
1793014297 1170
1793014384 1171
1793014435 1172
1793014580 1173
1793014716 1174
1793019211 1175
1793058017 1176
1793058139 1177
1793143865 1178
1793148226 1179
1793152975 1180
1793153070 1181
1793346872 1182
1793351108 1183
1793351123 1184
1793351401 1185
1793355832 1186
1793403522 1187
1793403571 1188
1793411931 1189
1793489216 1190
1793489224 1191
1793489249 1192
1793498041 1193
1793498432 1194
1793692357 1195
1793696526 1196
1793696587 1197
1793718345 1198
1793718545 1199
1793739545 1200
1793744512 1201
1793830155 1202
1793830259 1203
1793830307 1204
1794033447 1205
1794037618 1206
1794037915 1207
1794055377 1208
1794076703 1209
1794080892 1210
1794085335 1211
1794111598 1212
1794115397 1213
1794115672 1214
1794119455 1215
1794171243 1216
1794171277 1217
1794171596 1218
1794189491 1219
1794374434 1220
1794417626 1221
1794434775 1222
1794447723 1223
1794448441 1224
1794452513 1225
1794456937 1226
1794543004 1227
1794711172 1228
1794719592 1229
1794789355 1230
1794793050 1231
1794793680 1232
1794793747 1233
1794797705 1234
1795056456 1235
1795060858 1236
1795073907 1237
1795087145 1238
1795091692 1239
1795100203 1240
1795100335 1241
1795104056 1242
1795112882 1243
1795125853 1244
1795126050 1245
1795130353 1246
1795138938 1247
1795402166 1248
1795410644 1249
1795440828 1250
1795484390 1251
1795544444 1252
1795544483 1253
1795734015 1254
1795734228 1255
1795742734 1256
1795777790 1257
1795786203 1258
1795790157 1259
1795790622 1260
1795799176 1261
1795807889 1262
1796075454 1263
1796075469 1264
1796079753 1265
1796080038 1266
1796088205 1267
1796122905 1268
1796131589 1269
1796131801 1270
1796157101 1271
1796416505 1272
1796420624 1273
1796420891 1274
1796446452 1275
1796481224 1276
1796481518 1277
1796757163 1278
1796757192 1279
1796757522 1280
1796761826 1281
1796766157 1282
1796795993 1283
1796809680 1284
1796813596 1285
1796813992 1286
1796817841 1287
1796818061 1288
1796818119 1289
1796818191 1290
1796818363 1291
1796818374 1292
1796822470 1293
1797107163 1294
1797115499 1295
1797128828 1296
1797133109 1297
1797133124 1298
1797163895 1299
1797439276 1300
1797443721 1301
1797444052 1302
1797460926 1303
1797478034 1304
1797505019 1305
1797789401 1306
1797789541 1307
1797793830 1308
1797814929 1309
1797814956 1310
1797815029 1311
1797815065 1312
1818307672 1313
1820388536 1314
1820720776 1315
1820720998 1316
1820721367 1317
1821054097 1318
1821062060 1319
1821062183 1320
1821062392 1321
1821062423 1322
1821062473 1323
1821062620 1324
1821062621 1325
1821062848 1326
1821395094 1327
1821395351 1328
1821403375 1329
1821403388 1330
1821403404 1331
1821403418 1332
1821403502 1333
1821403618 1334
1821403680 1335
1821739907 1336
1821740100 1337
1821744519 1338
1822055297 1339
1822055337 1340
1822055381 1341
1822060683 1342
1822396671 1343
1822404878 1344
1822405167 1345
1822686129 1346
1822742031 1347
1823073697 1348
1823363190 1349
1823367829 1350
1823388990 1351
1823393762 1352
1823441308 1353
1823708499 1354
1823708611 1355
1823712908 1356
1823713211 1357
1823717721 1358
1823743438 1359
1823760486 1360
1823764888 1361
1823790706 1362
1824049537 1363
1824049560 1364
1824054016 1365
1824097262 1366
1824101645 1367
1824110399 1368
1824123418 1369
1824127525 1370
1824390386 1371
1824425072 1372
1824464362 1373
1824472937 1374
1824723104 1375
1824727275 1376
1824731356 1377
1824745150 1378
1824757710 1379
1824801327 1380
1824804722 1381
1824805341 1382
1824813936 1383
1824865496 1384
1825085656 1385
1825137681 1386
1825137958 1387
1825142206 1388
1825145719 1389
1825146110 1390
1825146295 1391
1825155144 1392
1825422195 1393
1825430739 1394
1825435216 1395
1825440160 1396
1825474976 1397
1825780518 1398
1825789179 1399
1825793689 1400
1825815449 1401
1825828174 1402
1826121523 1403
1826130437 1404
1826139038 1405
1826164630 1406
1826169531 1407
1826169618 1408
1826173903 1409
1826432353 1410
1826445251 1411
1826458709 1412
1826463069 1413
1826488312 1414
1826492720 1415
1826506396 1416
1826566083 1417
1826773575 1418
1826773768 1419
1826773830 1420
1826781934 1421
1826781943 1422
1826804080 1423
1826825128 1424
1826829683 1425
1826829734 1426
1826929327 1427
1827110060 1428
1827114589 1429
1827122986 1430
1827149116 1431
1827149288 1432
1827446803 1433
1827451271 1434
1827473315 1435
1827477116 1436
1827481724 1437
1827481734 1438
1827516355 1439
1827516518 1440
1827516566 1441
1827633289 1442
1827800716 1443
1827822950 1444
1827852654 1445
1827861908 1446
1827861955 1447
1827861966 1448
1828128866 1449
1828163689 1450
1828163744 1451
1828163783 1452
1828163812 1453
1828163860 1454
1828163951 1455
1828163960 1456
1828168162 1457
1828168182 1458
1828168256 1459
1828168291 1460
1828172336 1461
1828189572 1462
1828194121 1463
1828198429 1464
1828198909 1465
1828206773 1466
1828474585 1467
1828504827 1468
1828505022 1469
1828505030 1470
1828509124 1471
1828509152 1472
1828509305 1473
1828530446 1474
1828534819 1475
1828544102 1476
1828828509 1477
1828841178 1478
1828845647 1479
1828845666 1480
1850024931 1481
1850706912 1482
1850711304 1483
1851061177 1484
1851389175 1485
1851393805 1486
1851756564 1487
1851756822 1488
1851756979 1489
1851757063 1490
1851816763 1491
1852084130 1492
1852084817 1493
1852093674 1494
1852097022 1495
1852097284 1496
1852429536 1497
1852853080 1498
1853758939 1499
1854083318 1500
1854117634 1501
1854406514 1502
1854407104 1503
1854419820 1504
1854428111 1505
1854428203 1506
1854432507 1507
1854536305 1508
1854800121 1509
1854808218 1510
1854876962 1511
1855118785 1512
1855145142 1513
1855158058 1514
1855166385 1515
1855166479 1516
1855166831 1517
1855412441 1518
1855473376 1519
1855477539 1520
1855507366 1521
1855507748 1522
1855797289 1523
1855814034 1524
1855822994 1525
1855835989 1526
1855844720 1527
1855848320 1528
1856103073 1529
1856129403 1530
1856146538 1531
1856155139 1532
1856172613 1533
1856435355 1534
1856466057 1535
1856487447 1536
1856513745 1537
1856522421 1538
1856526787 1539
1856820042 1540
1856820145 1541
1856833015 1542
1856837302 1543
1856854145 1544
1856858981 1545
1856867325 1546
1856867727 1547
1857143769 1548
1857148391 1549
1857160665 1550
1857169290 1551
1857200218 1552
1857200253 1553
1857485083 1554
1857485213 1555
1857502247 1556
1857528157 1557
1857532273 1558
1857541345 1559
1857799548 1560
1857808306 1561
1857816954 1562
1857825571 1563
1857830017 1564
1857838469 1565
1858158316 1566
1858162227 1567
1858162307 1568
1858171399 1569
1858171515 1570
1858171556 1571
1858171584 1572
1858209686 1573
1858210012 1574
1858486077 1575
1858499094 1576
1858512256 1577
1858517007 1578
1858529516 1579
1858537855 1580
1858822939 1581
1858831647 1582
1858857291 1583
1858857544 1584
1858857698 1585
1858857715 1586
1858857755 1587
1858857867 1588
1858857875 1589
1858861830 1590
1858861881 1591
1858861951 1592
1858862089 1593
1858866679 1594
1858874912 1595
1858875108 1596
1858887650 1597
1858891914 1598
1858892359 1599
1858896269 1600
1858901026 1601
1859190013 1602
1859194620 1603
1859198542 1604
1859198653 1605
1859202920 1606
1859220826 1607
1859224229 1608
1859224592 1609
1859224739 1610
1859229253 1611
1859238148 1612
1859522482 1613
1859539254 1614
1859539437 1615
1859543555 1616
1859543796 1617
1859565686 1618
1859570142 1619
1859570211 1620
1859574636 1621
1859574676 1622
1859579279 1623
1859859247 1624
1859880427 1625
1859880766 1626
1859915060 1627
1859915287 1628
1860225715 1629
1881059780 1630
1881401277 1631
1881751117 1632
1882083076 1633
1882790992 1634
1882791848 1635
1883106059 1636
1883128139 1637
1883443069 1638
1883443112 1639
1883447515 1640
1883468979 1641
1883469292 1642
1883469542 1643
1883469558 1644
1883469572 1645
1883473629 1646
1883783683 1647
1883783710 1648
1883783723 1649
1883783769 1650
1883783789 1651
1883783906 1652
1883783945 1653
1883788812 1654
1883801148 1655
1884125092 1656
1884125111 1657
1884138473 1658
1884146828 1659
1884789889 1660
1885101169 1661
1885105337 1662
1885109710 1663
1885113597 1664
1885152602 1665
1885157474 1666
1885165475 1667
1885169544 1668
1885445689 1669
1885471779 1670
1885502165 1671
1885765506 1672
1885765762 1673
1885782720 1674
1885791174 1675
1885808809 1676
1885821605 1677
1886132855 1678
1886149869 1679
1886171386 1680
1886179831 1681
1886192431 1682
1886192757 1683
1886447240 1684
1886447992 1685
1886503606 1686
1886512087 1687
1886516872 1688
1886788224 1689
1886788295 1690
1886788309 1691
1886788314 1692
1886788340 1693
1886788368 1694
1886788784 1695
1886801575 1696
1886805764 1697
1886870366 1698
1886883838 1699
1887129331 1700
1887142449 1701
1887155095 1702
1887155684 1703
1887160257 1704
1887163927 1705
1887177026 1706
1887181063 1707
1887203134 1708
1887203478 1709
1887203652 1710
1887466111 1711
1887470461 1712
1887470632 1713
1887505407 1714
1887518225 1715
1887539871 1716
1887544593 1717
1887552731 1718
1887557164 1719
1887565909 1720
1887815752 1721
1887867926 1722
1888157137 1723
1888178718 1724
1888183031 1725
1888183512 1726
1888199872 1727
1888213190 1728
1888217218 1729
1888221700 1730
1888226078 1731
1888506358 1732
1888524453 1733
1888528200 1734
1888537109 1735
1888572074 1736
1888852406 1737
1888860489 1738
1888869644 1739
1888877854 1740
1888904036 1741
1888908241 1742
1889180054 1743
1889201905 1744
1889202081 1745
1889205779 1746
1889206087 1747
1889206117 1748
1889206157 1749
1889210507 1750
1889210665 1751
1889227494 1752
1889231891 1753
1889245285 1754
1889253763 1755
1889253785 1756
1889266295 1757
1889547160 1758
1889556132 1759
1889556189 1760
1889586516 1761
1889883640 1762
1889883818 1763
1889883843 1764
1889884191 1765
1889892278 1766
1889892543 1767
1889931525 1768
1890216176 1769
1890233501 1770
1890237393 1771
1890237517 1772
1890242262 1773
1890242331 1774
1890246601 1775
1890263452 1776
1890272574 1777
1890570489 1778
1890570586 1779
1890574357 1780
1890574706 1781
1890902931 1782
1890907320 1783
1890907348 1784
1890907372 1785
1890911535 1786
1890911584 1787
1890915222 1788
1890915361 1789
1890915680 1790
1890915703 1791
1890915794 1792
1891256365 1793
1891260859 1794
1912435859 1795
1912777226 1796
1912789965 1797
1913480167 1798
1914140664 1799
1914162448 1800
1914500037 1801
1914500150 1802
1914823337 1803
1914823414 1804
1915155348 1805
1915155414 1806
1915159759 1807
1915609310 1808
1915837804 1809
1915855638 1810
1915867748 1811
1916152641 1812
1916157698 1813
1916192326 1814
1916472181 1815
1916485259 1816
1916490166 1817
1916502458 1818
1916528384 1819
1916800213 1820
1916869473 1821
1917141426 1822
1917188956 1823
1917219680 1824
1917517400 1825
1917551840 1826
1917823111 1827
1917823351 1828
1917823571 1829
1917866877 1830
1917892574 1831
1918173122 1832
1918173212 1833
1918207300 1834
1918234033 1835
1918324796 1836
1918522953 1837
1918527219 1838
1918565786 1839
1918846818 1840
1918885778 1841
1918889952 1842
1918911323 1843
1918924611 1844
1918937299 1845
1919208947 1846
1919239605 1847
1919589289 1848
1919593658 1849
1919593659 1850
1919597826 1851
1919598356 1852
1919601688 1853
1919602453 1854
1919602465 1855
1919606507 1856
1919606600 1857
1919606824 1858
1919606852 1859
1919611150 1860
1919611201 1861
1919904032 1862
1919913096 1863
1919934500 1864
1919938649 1865
1919947917 1866
1919947985 1867
1919952117 1868
1919952135 1869
1919952136 1870
1919952145 1871
1919956523 1872
1919956557 1873
1920042851 1874
1920223616 1875
1920258391 1876
1920258429 1877
1920275554 1878
1920288829 1879
1920292924 1880
1920292932 1881
1920292983 1882
1920297251 1883
1920297317 1884
1920301256 1885
1920573305 1886
1920586193 1887
1920590263 1888
1920590422 1889
1920590638 1890
1920594918 1891
1920595031 1892
1920599403 1893
1920603834 1894
1920603930 1895
1920603934 1896
1920608073 1897
1920608152 1898
1920608162 1899
1920616720 1900
1920629196 1901
1920629312 1902
1920633993 1903
1920634004 1904
1920944950 1905
1920945035 1906
1920949241 1907
1921251442 1908
1921255349 1909
1921255398 1910
1921255488 1911
1921255508 1912
1921255581 1913
1921260093 1914
1921264137 1915
1921264195 1916
1921264210 1917
1921272712 1918
1921281041 1919
1921285706 1920
1921285739 1921
1921290382 1922
1921290498 1923
1921294743 1924
1921303555 1925
1921307399 1926
1921307609 1927
1921307662 1928
1921311314 1929
1921587758 1930
1921587901 1931
1921587983 1932
1921587989 1933
1921588005 1934
1921592070 1935
1921592245 1936
1921592406 1937
1921596253 1938
1921596400 1939
1921600436 1940
1921600938 1941
1921605131 1942
1921605218 1943
1921605227 1944
1921605351 1945
1921609426 1946
1921609470 1947
1921613915 1948
1921622081 1949
1921626388 1950
1921626543 1951
1921635826 1952
1921639938 1953
1921648917 1954
1921928933 1955
1921933123 1956
1921933455 1957
1921933509 1958
1921937701 1959
1921937773 1960
1921942015 1961
1921946032 1962
1921946316 1963
1921950610 1964
1921954535 1965
1921954590 1966
1921955027 1967
1922278546 1968
1922282965 1969
1922286868 1970
1922287349 1971
1922291297 1972
1922291643 1973
1922291703 1974
1922291708 1975
1922295452 1976
1922295549 1977
1922295728 1978
1922295804 1979
1922295837 1980
1922295855 1981
1922296059 1982
1922299736 1983
1922299788 1984
1922299935 1985
1943811511 1986
1943811736 1987
1943812176 1988
1944502935 1989
1944507292 1990
1945608021 1991
1945875433 1992
1946178096 1993
1946850979 1994
1946851619 1995
1947157213 1996
1947165954 1997
1947192569 1998
1947563799 1999
1947576980 2000
1947577039 2001
1947580406 2002
1947580951 2003
1947584968 2004
1947835497 2005
1947869866 2006
1947921782 2007
1947925992 2008
1947926043 2009
1947926093 2010
1947926117 2011
1948172360 2012
1948249993 2013
1948262528 2014
1948262532 2015
1948262949 2016
1948262973 2017
1948271485 2018
1948512982 2019
1948513200 2020
1948525914 2021
1948530231 2022
1948586768 2023
1948595057 2024
1948595517 2025
1948599372 2026
1948603792 2027
1948603941 2028
1948608265 2029
1948608346 2030
1948612864 2031
1948613071 2032
1948867062 2033
1948875641 2034
1948927555 2035
1948936210 2036
1948940756 2037
1948944967 2038
1948949392 2039
1948949399 2040
1948953753 2041
1949212134 2042
1949238259 2043
1949273327 2044
1949277120 2045
1949277612 2046
1949281715 2047
1949281867 2048
1949290134 2049
1949609201 2050
1949609807 2051
1949959597 2052
1949959710 2053
1949963384 2054
1949963653 2055
1949963738 2056
1949963770 2057
1949963933 2058
1949967702 2059
1949967960 2060
1949968014 2061
1949968022 2062
1949968049 2063
1950235142 2064
1950300619 2065
1950300694 2066
1950304683 2067
1950304912 2068
1950304963 2069
1950305000 2070
1950309168 2071
1950637186 2072
1950641434 2073
1950641537 2074
1950641562 2075
1950645340 2076
1950645499 2077
1950645656 2078
1950649874 2079
1950649953 2080
1950654449 2081
1950943473 2082
1950943744 2083
1950948074 2084
1950956576 2085
1950978227 2086
1950982362 2087
1950982707 2088
1950995154 2089
1950995241 2090
1950995474 2091
1950995575 2092
1950995585 2093
1951297019 2094
1951297341 2095
1951297493 2096
1951297509 2097
1951297564 2098
1951315166 2099
1951331796 2100
1951331995 2101
1951629651 2102
1951634193 2103
1951638298 2104
1951638332 2105
1951638336 2106
1951638388 2107
1951638471 2108
1951638593 2109
1951638640 2110
1951638641 2111
1951638643 2112
1951642477 2113
1951642748 2114
1951642788 2115
1951642825 2116
1951642829 2117
1951642867 2118
1951642905 2119
1951643003 2120
1951643042 2121
1951651646 2122
1951672911 2123
1951940629 2124
1951945281 2125
1951949599 2126
1951966333 2127
1951970886 2128
1951971057 2129
1951979608 2130
1951983551 2131
1951983985 2132
1951987988 2133
1951988087 2134
1951988130 2135
1951988248 2136
1951992717 2137
1952009816 2138
1952281573 2139
1952281720 2140
1952286065 2141
1952286144 2142
1952286302 2143
1952294779 2144
1952294807 2145
1952294823 2146
1952299058 2147
1952302906 2148
1952303387 2149
1952303624 2150
1952311688 2151
1952312176 2152
1952315943 2153
1952320441 2154
1952329191 2155
1952329239 2156
1952333490 2157
1952333815 2158
1952338476 2159
1952622416 2160
1952622748 2161
1952622768 2162
1952626886 2163
1952631005 2164
1952631066 2165
1952631424 2166
1952635585 2167
1952635650 2168
1952644202 2169
1952648447 2170
1952648472 2171
1952648630 2172
1952652896 2173
1952674925 2174
1952963898 2175
1952985248 2176
1953020443 2177
1953326375 2178
1953326535 2179
1953326621 2180
1953330644 2181
1953671528 2182
1953671540 2183
1953671646 2184
1974846717 2185
1975187554 2186
1975187675 2187
1975878958 2188
1976232101 2189
1976547491 2190
1976565858 2191
1977208602 2192
1977238794 2193
1977238924 2194
1977545462 2195
1977545573 2196
1977553534 2197
1977579449 2198
1977596902 2199
1977597054 2200
1977600880 2201
1977881942 2202
1977890767 2203
1977898840 2204
1977898894 2205
1977912010 2206
1977916288 2207
1977933882 2208
1978209738 2209
1978227513 2210
1978227627 2211
1978261876 2212
1978274921 2213
1978615455 2214
1978615737 2215
1978619747 2216
1978891347 2217
1978900029 2218
1978908720 2219
1979206640 2220
1979228653 2221
1979232658 2222
1979246249 2223
1979263232 2224
1979297272 2225
1979306126 2226
1979547954 2227
1979569670 2228
1979604128 2229
1979616615 2230
1979621552 2231
1979630197 2232
1979634420 2233
1979643001 2234
1979647140 2235
1979647512 2236
1979647533 2237
1979888904 2238
1979888922 2239
1979888937 2240
1979967428 2241
1979970829 2242
1979975312 2243
1979984142 2244
1979984195 2245
1979984203 2246
1979988534 2247
1979988708 2248
1980229841 2249
1980234505 2250
1980234579 2251
1980234607 2252
1980299291 2253
1980303759 2254
1980303903 2255
1980307636 2256
1980308137 2257
1980312450 2258
1980325211 2259
1980325289 2260
1980329375 2261
1980329576 2262
1980329632 2263
1980329783 2264
1980575147 2265
1980579904 2266
1980640296 2267
1980644252 2268
1980644654 2269
1980653016 2270
1980657277 2271
1980657565 2272
1980661413 2273
1980666391 2274
1980666410 2275
1980666468 2276
1980670418 2277
1980916395 2278
1980920762 2279
1980920883 2280
1980981049 2281
1980981285 2282
1980994340 2283
1980998276 2284
1980998346 2285
1981274461 2286
1981304982 2287
1981305112 2288
1981305197 2289
1981335285 2290
1981339518 2291
1981343850 2292
1981348270 2293
1981352722 2294
1981650415 2295
1981667601 2296
1981668075 2297
1981671971 2298
1981672040 2299
1981680090 2300
1981680143 2301
1981684610 2302
1981689243 2303
1981689333 2304
1981693564 2305
1981991229 2306
1981991471 2307
1981991527 2308
1981995502 2309
1982302458 2310
1982306692 2311
1982319465 2312
1982323608 2313
1982328055 2314
1982328174 2315
1982328197 2316
1982332176 2317
1982332213 2318
1982332225 2319
1982332306 2320
1982336521 2321
1982341093 2322
1982358330 2323
1982358534 2324
1982366779 2325
1982643277 2326
1982669243 2327
1982669251 2328
1982673194 2329
1982673199 2330
1982673275 2331
1982677534 2332
1982677707 2333
1982695068 2334
1982703607 2335
1982707911 2336
1982708093 2337
1982716575 2338
1982717040 2339
1983001252 2340
1983018505 2341
1983018724 2342
1983032017 2343
1983032138 2344
1983036540 2345
1983036578 2346
1983040188 2347
1983040829 2348
1983044592 2349
1983044890 2350
1983329638 2351
1983351290 2352
1983359965 2353
1983364112 2354
1983373105 2355
1983373284 2356
1983377791 2357
1983381548 2358
1983381579 2359
1983381746 2360
1983381965 2361
1983657566 2362
1983657703 2363
1983661767 2364
1983661860 2365
1983670552 2366
1983675059 2367
1983696486 2368
1983701072 2369
1983705493 2370
1983705544 2371
1983709791 2372
1983714374 2373
1983718311 2374
1983718771 2375
1983727221 2376
1983998527 2377
1984007381 2378
1984007485 2379
1984011455 2380
1984020393 2381
1984020409 2382
1984024347 2383
1984024682 2384
1984050417 2385
1984361232 2386
1984361258 2387
2007245491 2388
2007578488 2389
2007578510 2390
2007604041 2391
2007604080 2392
2007604084 2393
2008239574 2394
2008255578 2395
2008579902 2396
2008592419 2397
2008619004 2398
2008622933 2399
2008627426 2400
2008631215 2401
2008631840 2402
2008632172 2403
2008632294 2404
2008632383 2405
2008920639 2406
2008921702 2407
2008926220 2408
2008963970 2409
2008972867 2410
2009235834 2411
2009235843 2412
2009235865 2413
2009235983 2414
2009236011 2415
2009236068 2416
2009240747 2417
2009240803 2418
2009240823 2419
2009240859 2420
2009270384 2421
2009274786 2422
2009274855 2423
2009309542 2424
2009309602 2425
2009576932 2426
2009602986 2427
2009607689 2428
2009611617 2429
2009611838 2430
2009611976 2431
2009612004 2432
2009654334 2433
2009654721 2434
2009655004 2435
2009930596 2436
2009939939 2437
2009943578 2438
2009953077 2439
2009983363 2440
2009987314 2441
2009999688 2442
2010000253 2443
2010246349 2444
2010246433 2445
2010288907 2446
2010328358 2447
2010332241 2448
2010582646 2449
2010587163 2450
2010595874 2451
2010669038 2452
2010669407 2453
2010677625 2454
2010928213 2455
2010928226 2456
2010928256 2457
2010936968 2458
2010937101 2459
2010988300 2460
2010992546 2461
2011006441 2462
2011023253 2463
2011023321 2464
2011023423 2465
2011023513 2466
2011023562 2467
2011264911 2468
2011269409 2469
2011286609 2470
2011308218 2471
2011321322 2472
2011338079 2473
2011359759 2474
2011364325 2475
2011364502 2476
2011364607 2477
2011364702 2478
2011644626 2479
2011692507 2480
2011701376 2481
2011701398 2482
2011705357 2483
2011705413 2484
2011705565 2485
2011705620 2486
2011705635 2487
2011705714 2488
2011705820 2489
2011968505 2490
2011990303 2491
2012046304 2492
2012046487 2493
2012046710 2494
2012370331 2495
2012378687 2496
2012387022 2497
2012469791 2498
2012680964 2499
2012698272 2500
2012710720 2501
2012711111 2502
2012715296 2503
2012723795 2504
2012728229 2505
2012728682 2506
2012987196 2507
2012987253 2508
2013021846 2509
2013022074 2510
2013052474 2511
2013328302 2512
2013328463 2513
2013328496 2514
2013328601 2515
2013332880 2516
2013333009 2517
2013350135 2518
2013362713 2519
2013363026 2520
2013366977 2521
2013367298 2522
2013371258 2523
2013371455 2524
2013388689 2525
2013674001 2526
2013678148 2527
2013686804 2528
2013691011 2529
2013695510 2530
2013708057 2531
2013708147 2532
2013712652 2533
2013716991 2534
2013721423 2535
2013734017 2536
2013734421 2537
2013734557 2538
2013751519 2539
2013751718 2540
2013751786 2541
2013751841 2542
2013751862 2543
2013751890 2544
2013751896 2545
2013751940 2546
2013755484 2547
2014014677 2548
2014023478 2549
2014036496 2550
2014053454 2551
2014057948 2552
2014057997 2553
2014071268 2554
2014084210 2555
2014084415 2556
2014360107 2557
2014360299 2558
2014368773 2559
2014377317 2560
2014382294 2561
2014390552 2562
2014394467 2563
2014394639 2564
2014394744 2565
2014394780 2566
2014398949 2567
2014421043 2568
2014696673 2569
2014718427 2570
2014718588 2571
2014722752 2572
2014735506 2573
2014739689 2574
2014740220 2575
2014749251 2576
2014757967 2577
2015090271 2578
2015396491 2579
2015400778 2580
2015404634 2581
2015404662 2582
2037948586 2583
2038280489 2584
2038284916 2585
2038617453 2586
2038617515 2587
2038622119 2588
2038638823 2589
2038638855 2590
2038980593 2591
2038980773 2592
2039273648 2593
2039300088 2594
2039317142 2595
2039317259 2596
2039317327 2597
2039321408 2598
2039321461 2599
2039623367 2600
2039662264 2601
2039662566 2602
2039662748 2603
2039662922 2604
2039666921 2605
2039964305 2606
2040008036 2607
2040266092 2608
2040270490 2609
2040270763 2610
2040288449 2611
2040301572 2612
2040340600 2613
2040344064 2614
2040348410 2615
2040348807 2616
2040348896 2617
2040602816 2618
2040603039 2619
2040603130 2620
2040655002 2621
2040659540 2622
2040677122 2623
2040681011 2624
2040681328 2625
2040685505 2626
2040689399 2627
2040689820 2628
2040939849 2629
2040939889 2630
2040944240 2631
2040944536 2632
2040987389 2633
2041022456 2634
2041026442 2635
2041035008 2636
2041035230 2637
2041281083 2638
2041285477 2639
2041285497 2640
2041359296 2641
2041363602 2642
2041367679 2643
2041621893 2644
2041652425 2645
2041682783 2646
2041700052 2647
2041708508 2648
2041962740 2649
2041963078 2650
2041967509 2651
2041971801 2652
2041993364 2653
2042027880 2654
2042049492 2655
2042057871 2656
2042058505 2657
2042373480 2658
2042390750 2659
2042395169 2660
2042399033 2661
2042399678 2662
2042399821 2663
2042403029 2664
2042644919 2665
2042701267 2666
2042731911 2667
2042736270 2668
2042740780 2669
2043029205 2670
2043042499 2671
2043059806 2672
2043081104 2673
2043081560 2674
2043339995 2675
2043418105 2676
2043421943 2677
2043422490 2678
2043422546 2679
2043685946 2680
2043685987 2681
2043698713 2682
2043706937 2683
2043724430 2684
2043741893 2685
2043762933 2686
2044026514 2687
2044026843 2688
2044026850 2689
2044026917 2690
2044030893 2691
2044047987 2692
2044056694 2693
2044061100 2694
2044082826 2695
2044104632 2696
2044363269 2697
2044363294 2698
2044367480 2699
2044371693 2700
2044375931 2701
2044406521 2702
2044423859 2703
2044432543 2704
2044441348 2705
2044445446 2706
2044445500 2707
2044445583 2708
2044445714 2709
2044445769 2710
2044445822 2711
2044699904 2712
2044704044 2713
2044704083 2714
2044704085 2715
2044704184 2716
2044704260 2717
2044734745 2718
2044738765 2719
2044769231 2720
2044786163 2721
2044786251 2722
2044786350 2723
2044786356 2724
2044786423 2725
2044786654 2726
2044786718 2727
2044786781 2728
2044786835 2729
2045071470 2730
2045097330 2731
2045105779 2732
2045127426 2733
2045399533 2734
2045403671 2735
2045412208 2736
2045412276 2737
2045412445 2738
2045416817 2739
2045421319 2740
2045433745 2741
2045438040 2742
2045459990 2743
2045788157 2744
2046090071 2745
2046094371 2746
2046128726 2747
2046439442 2748
2064165421 2749
2065197353 2750
2068966051 2751
2069311379 2752
2069320236 2753
2069320377 2754
2069328805 2755
2069644133 2756
2069647778 2757
2069648213 2758
2069648663 2759
2069652905 2760
2069661292 2761
2069989274 2762
2069993227 2763
2069993377 2764
2069993385 2765
2070014719 2766
2070351714 2767
2070351726 2768
2070351862 2769
2070356018 2770
2070658315 2771
2070666958 2772
2070688701 2773
2070688742 2774
2070692530 2775
2070693048 2776
2070701198 2777
2071016282 2778
2071021014 2779
2071029651 2780
2071030052 2781
2071033930 2782
2071034348 2783
2071305421 2784
2071335861 2785
2071353111 2786
2071375242 2787
2071388678 2788
2071677193 2789
2071694035 2790
2071711245 2791
2071715595 2792
2071720189 2793
2071974816 2794
2071974975 2795
2072052351 2796
2072056776 2797
2072065411 2798
2072070166 2799
2072397710 2800
2072398225 2801
2072402208 2802
2072407094 2803
2072410774 2804
2072411270 2805
2072657167 2806
2072661366 2807
2072695713 2808
2072712941 2809
2073036888 2810
2073041154 2811
2073049935 2812
2073062806 2813
2073067325 2814
2073071226 2815
2073075444 2816
2073075453 2817
2073075693 2818
2073075698 2819
2073343163 2820
2073386494 2821
2073386503 2822
2073386507 2823
2073386629 2824
2073390652 2825
2073390873 2826
2073394934 2827
2073408400 2828
2073408606 2829
2073416928 2830
2073416969 2831
2073425641 2832
2073425846 2833
2073429661 2834
2073430091 2835
2073434336 2836
2073693206 2837
2073723397 2838
2073723431 2839
2073723619 2840
2073753413 2841
2073762143 2842
2073766750 2843
2073775256 2844
2073775281 2845
2073775513 2846
2074016927 2847
2074033750 2848
2074064506 2849
2074068443 2850
2074077282 2851
2074098711 2852
2074098768 2853
2074103171 2854
2074107451 2855
2074107553 2856
2074112061 2857
2074116622 2858
2074413812 2859
2074418432 2860
2074435977 2861
2074440282 2862
2074453210 2863
2074707323 2864
2074715828 2865
2074720301 2866
2074724481 2867
2074776575 2868
2074785707 2869
2074789660 2870
2075065746 2871
2075074743 2872
2075130919 2873
2075131125 2874
2075134971 2875
2075139016 2876
2075139500 2877
2075139532 2878
2075398005 2879
2075398249 2880
2075402508 2881
2075415818 2882
2075424272 2883
2075471996 2884
2075475985 2885
2075479971 2886
2075480364 2887
2075752213 2888
2075752364 2889
2075760747 2890
2075782453 2891
2075782549 2892
2075812985 2893
2075817127 2894
2075821324 2895
2075825287 2896
2076080045 2897
2076088889 2898
2076106014 2899
2076110549 2900
2076110567 2901
2076145441 2902
2076158214 2903
2076158292 2904
2076162300 2905
2076166334 2906
2076425439 2907
2076442958 2908
2076451387 2909
2076451602 2910
2076464674 2911
2076494885 2912
2076792416 2913
2076814472 2914
2076814503 2915
2077133435 2916
2100010400 2917
2100013933 2918
2100337636 2919
2100359526 2920
2100666288 2921
2100670439 2922
2101015643 2923
2101041723 2924
2101339904 2925
2101348562 2926
2101352145 2927
2101370068 2928
2101387048 2929
2101390910 2930
2101391269 2931
2101685376 2932
2101706277 2933
2101715163 2934
2101718809 2935
2101719157 2936
2101723222 2937
2101723693 2938
2101728116 2939
2101728258 2940
2102034488 2941
2102051197 2942
2102055998 2943
2102056392 2944
2102056443 2945
2102060431 2946
2102060515 2947
2102065009 2948
2102068842 2949
2102069089 2950
2102077568 2951
2102366650 2952
2102366746 2953
2102392518 2954
2102396956 2955
2102400989 2956
2102401306 2957
2102405375 2958
2102405975 2959
2102410195 2960
2102418103 2961
2102668522 2962
2102720268 2963
2102741940 2964
2102742091 2965
2102751263 2966
2102751384 2967
2103048810 2968
2103052736 2969
2103053022 2970
2103079192 2971
2103083554 2972
2103100204 2973
2103104764 2974
2103104826 2975
2103364200 2976
2103389525 2977
2103411248 2978
2103411684 2979
2103423940 2980
2103428527 2981
2103433157 2982
2103441206 2983
2103445501 2984
2103445598 2985
2103446612 2986
2103687413 2987
2103691752 2988
2103705012 2989
2103757060 2990
2103757064 2991
2103765567 2992
2104097978 2993
2104102388 2994
2104128574 2995
2104395869 2996
2104425495 2997
2104429901 2998
2104452085 2999
2104469669 3000
2104723600 3001
2104758191 3002
2104788476 3003
2104806086 3004
2104810600 3005
2105068593 3006
2105086391 3007
2105120744 3008
2105151735 3009
2105414452 3010
2105448977 3011
2105448995 3012
2105449001 3013
2105449028 3014
2105453118 3015
2105453119 3016
2105453184 3017
2105453255 3018
2105457507 3019
2105457595 3020
2105465891 3021
2105470817 3022
2105483297 3023
2105483643 3024
2105488165 3025
2105488219 3026
2105492020 3027
2105492638 3028
2105781244 3029
2105785723 3030
2105789828 3031
2105789935 3032
2105790068 3033
2105794119 3034
2105794279 3035
2105798782 3036
2105798812 3037
2105815954 3038
2105824677 3039
2105833634 3040
2105833811 3041
2105833890 3042
2106126705 3043
2106135212 3044
2106135249 3045
2106161668 3046
2106166015 3047
2106170112 3048
2106170323 3049
2106174603 3050
2106174640 3051
2106174694 3052
2106445927 3053
2106458850 3054
2106467925 3055
2106472221 3056
2106480596 3057
2106497975 3058
2106502228 3059
2106502781 3060
2106507156 3061
2106514945 3062
2106515875 3063
2106778450 3064
2106778488 3065
2106787203 3066
2106795665 3067
2106817517 3068
2106821840 3069
2106822016 3070
2106826388 3071
2106838708 3072
2106843411 3073
2106843651 3074
2106847803 3075
2106847811 3076
2106852036 3077
2106856479 3078
2107140799 3079
2107162809 3080
2107163015 3081
2107167189 3082
2107175335 3083
2107176122 3084
2107176159 3085
2107176185 3086
2107184313 3087
2107184765 3088
2107188772 3089
2107188865 3090
2107188970 3091
2107193033 3092
2107193113 3093
2107193114 3094
2107197097 3095
2107197210 3096
2107197666 3097
2107197699 3098
2107197758 3099
2107482285 3100
2107490705 3101
2107499597 3102
2107499778 3103
2107507782 3104
2107507837 3105
2107507890 3106
2107508333 3107
2107508409 3108
2107521422 3109
2107525263 3110
2107529953 3111
2107823347 3112
2107857888 3113
2107866390 3114
2131372466 3115
2131372546 3116
2131372734 3117
2131372750 3118
2131377138 3119
2131696932 3120
2131705304 3121
2131709474 3122
2131713897 3123
2131740146 3124
2132037566 3125
2132051050 3126
2132054619 3127
2132374646 3128
2132375072 3129
2132400184 3130
2132421402 3131
2132711551 3132
2132723935 3133
2132724033 3134
2133056243 3135
2133060479 3136
2133060860 3137
2133077416 3138
2133081999 3139
2133095138 3140
2133099441 3141
2133103556 3142
2133103826 3143
2133112359 3144
2133406048 3145
2133422957 3146
2133435987 3147
2133440149 3148
2133712442 3149
2133781791 3150
2134100948 3151
2134113833 3152
2134122545 3153
2134122651 3154
2134122682 3155
2134122792 3156
2134122853 3157
2134122854 3158
2134122882 3159
2134123047 3160
2134126973 3161
2134126987 3162
2134127287 3163
2134127354 3164
2134127370 3165
2134130824 3166
2134131536 3167
2134381617 3168
2134389840 3169
2134450605 3170
2134459414 3171
2134463558 3172
2134472075 3173
2134472295 3174
2134472645 3175
2134476458 3176
2134476973 3177
2134477056 3178
2134480599 3179
2134739740 3180
2134743768 3181
2134744253 3182
2134748205 3183
2134761494 3184
2134791559 3185
2134795513 3186
2134800254 3187
2134817763 3188
2134817835 3189
2134821858 3190
2134822126 3191
2134822333 3192
2135128226 3193
2135132845 3194
2135145228 3195
2135150103 3196
2135163363 3197
2135408892 3198
2135482607 3199
2135495190 3200
2135499869 3201
2135499876 3202
2135499904 3203
2135758447 3204
2135762614 3205
2135767332 3206
2135793271 3207
2135832338 3208
2135840897 3209
2135844546 3210
2135845040 3211
2136090632 3212
2136121072 3213
2136146972 3214
2136151495 3215
2136164513 3216
2136177644 3217
2136185907 3218
2136186428 3219
2136440386 3220
2136449151 3221
2136474817 3222
2136492584 3223
2136518416 3224
2136522616 3225
2136522952 3226
2136526850 3227
2136527298 3228
2136527474 3229
2136798792 3230
2136828921 3231
2136850995 3232
2136863797 3233
2136863859 3234
2136868336 3235
2136868483 3236
2136872016 3237
2137161409 3238
2137161652 3239
2137165701 3240
2137165879 3241
2137165899 3242
2137170131 3243
2137183459 3244
2137183731 3245
2137188197 3246
2137192016 3247
2137200204 3248
2137200466 3249
2137200772 3250
2137204684 3251
2137204817 3252
2137209090 3253
2137209326 3254
2137209336 3255
2137476556 3256
2137506724 3257
2137507224 3258
2137511265 3259
2137541508 3260
2137541525 3261
2137541564 3262
2137545862 3263
2137550357 3264
2137813141 3265
2137839363 3266
2137839380 3267
2137856225 3268
2137856415 3269
2137861071 3270
2137869789 3271
2137873836 3272
2137878394 3273
2137882256 3274
2137886648 3275
2137886901 3276
2137886964 3277
2137891363 3278
2138189090 3279
2138197298 3280
2138197442 3281
2138197479 3282
2138219317 3283
2138219330 3284
2138219571 3285
2138223685 3286
2138227714 3287
2138227908 3288
2138232396 3289
2138232459 3290
2138232554 3291
2138512548 3292
2138538780 3293
2138538825 3294
2138547055 3295
2138547781 3296
2138552028 3297
2138560828 3298
2138564577 3299
2138564725 3300
2138569144 3301
2138569195 3302
2138888474 3303
2138888713 3304
2138892886 3305
2138896652 3306
2138897318 3307
2162402915 3308
2162739943 3309
2162765505 3310
2162774776 3311
2163102697 3312
2163111508 3313
2163426171 3314
2163753973 3315
2163758715 3316
2163763064 3317
2163763132 3318
2163793289 3319
2163793358 3320
2164130952 3321
2164134181 3322
2164143348 3323
2164151407 3324
2164458054 3325
2164475733 3326
2164475888 3327
2164479928 3328
2164743014 3329
2164816415 3330
2164820664 3331
2164829531 3332
2164829632 3333
2164833775 3334
2164833926 3335
2164834204 3336
2165152725 3337
2165153261 3338
2165157407 3339
2165157714 3340
2165157838 3341
2165161890 3342
2165161934 3343
2165161941 3344
2165161957 3345
2165161986 3346
2165165812 3347
2165166131 3348
2165170308 3349
2165170442 3350
2165170658 3351
2165170687 3352
2165170760 3353
2165175137 3354
2165416623 3355
2165420297 3356
2165476972 3357
2165480941 3358
2165489996 3359
2165498073 3360
2165502570 3361
2165502978 3362
2165506692 3363
2165511695 3364
2165796218 3365
2165805063 3366
2165805255 3367
2165830557 3368
2165830935 3369
2165835245 3370
2165843950 3371
2165844209 3372
2165852860 3373
2165857212 3374
2166098256 3375
2166106878 3376
2166133204 3377
2166167452 3378
2166167715 3379
2166197557 3380
2166197621 3381
2166197821 3382
2166198191 3383
2166487028 3384
2166499503 3385
2166508291 3386
2166530133 3387
2166534557 3388
2166534802 3389
2166534988 3390
2166539217 3391
2166539331 3392
2166854269 3393
2166871203 3394
2166871287 3395
2166871719 3396
2166875627 3397
2167203581 3398
2167212487 3399
2167220936 3400
2167221374 3401
2167479788 3402
2167514183 3403
2167531722 3404
2167536560 3405
2167553250 3406
2167561616 3407
2167562177 3408
2167824961 3409
2167872873 3410
2167885918 3411
2167885988 3412
2167894146 3413
2167894222 3414
2167898411 3415
2167898825 3416
2167898830 3417
2167902596 3418
2167903315 3419
2167903341 3420
2168166278 3421
2168196489 3422
2168209346 3423
2168218628 3424
2168235227 3425
2168239447 3426
2168239739 3427
2168524681 3428
2168533487 3429
2168571819 3430
2168571905 3431
2168572270 3432
2168576352 3433
2168576610 3434
2168580819 3435
2168580864 3436
2168584910 3437
2168588990 3438
2168869893 3439
2168908719 3440
2168913266 3441
2169198172 3442
2169219786 3443
2169224232 3444
2169228031 3445
2169228241 3446
2169254031 3447
2169262864 3448
2169263012 3449
2169267537 3450
2169569454 3451
2169569514 3452
2169573511 3453
2169573527 3454
2169573598 3455
2169578035 3456
2169582471 3457
2169586593 3458
2169591162 3459
2169595273 3460
2169599839 3461
2169918880 3462
2169923013 3463
2169923132 3464
2169936327 3465
2193119367 3466
2193451323 3467
2193456328 3468
2193460501 3469
2193460737 3470
2194120084 3471
2194124495 3472
2194129069 3473
2194137598 3474
2194474349 3475
2194478673 3476
2194478820 3477
2195506223 3478
2195519066 3479
2195829351 3480
2195846519 3481
2195846643 3482
2196114521 3483
2196140156 3484
2196174915 3485
2196183262 3486
2196191950 3487
2196192146 3488
2196205312 3489
2196209657 3490
2196209957 3491
2196209964 3492
2196210183 3493
2196498455 3494
2196516023 3495
2196533087 3496
2196541905 3497
2196546784 3498
2196551243 3499
2196551437 3500
2196861690 3501
2196874754 3502
2196883028 3503
2196883033 3504
2196883269 3505
2196883380 3506
2197158842 3507
2197158864 3508
2197163510 3509
2197180605 3510
2197215644 3511
2197220063 3512
2197220186 3513
2197224127 3514
2197224226 3515
2197228908 3516
2197232309 3517
2197500470 3518
2197561253 3519
2197876080 3520
2197884614 3521
2197901795 3522
2197910662 3523
2197910995 3524
2197914640 3525
2198164836 3526
2198243007 3527
2198246986 3528
2198247014 3529
2198247044 3530
2198247143 3531
2198247450 3532
2198247471 3533
2198256133 3534
2198532315 3535
2198579859 3536
2198584024 3537
2198584363 3538
2198592825 3539
2198592879 3540
2198885837 3541
2198886089 3542
2198890087 3543
2198903000 3544
2198925014 3545
2198928886 3546
2198929158 3547
2198938058 3548
2198938113 3549
2199218544 3550
2199244414 3551
2199248827 3552
2199257286 3553
2199257831 3554
2199261919 3555
2199274264 3556
2199278988 3557
2199279154 3558
2199559677 3559
2199593794 3560
2199611432 3561
2199615494 3562
2199615809 3563
2199620107 3564
2199939702 3565
2199956597 3566
2199956689 3567
2199956828 3568
2199961165 3569
2199961246 3570
2199961255 3571
2200228723 3572
2200228767 3573
2200228798 3574
2200288919 3575
2200301686 3576
2200569724 3577
2200608212 3578
2200626077 3579
2200958472 3580
2223804634 3581
2224140538 3582
2224144985 3583
2224486414 3584
2225176955 3585
2225850346 3586
2226178051 3587
2226199807 3588
2226199847 3589
2226200192 3590
2226903221 3591
2227205274 3592
2227223249 3593
2227227085 3594
2227227187 3595
2227227627 3596
2227231240 3597
2227231570 3598
2227235482 3599
2227244612 3600
2227577022 3601
2227577088 3602
2227581000 3603
2227581344 3604
2227585176 3605
2227585815 3606
2227874405 3607
2227896460 3608
2227905434 3609
2227905480 3610
2227913336 3611
2228242016 3612
2228246655 3613
2228250216 3614
2228250233 3615
2228250411 3616
2228250473 3617
2228250557 3618
2228259345 3619
2228262901 3620
2228263505 3621
2228268269 3622
2228268375 3623
2228569805 3624
2228569835 3625
2228573847 3626
2228574181 3627
2228578702 3628
2228587182 3629
2228600233 3630
2228604837 3631
2228609001 3632
2228609139 3633
2228609140 3634
2228609200 3635
2228906477 3636
2228906708 3637
2228906716 3638
2228910793 3639
2228910820 3640
2228910920 3641
2228910941 3642
2228914940 3643
2228915178 3644
2228915232 3645
2228915244 3646
2228915274 3647
2228923575 3648
2228924329 3649
2228932736 3650
2228936836 3651
2228936935 3652
2228937182 3653
2228950485 3654
2228950512 3655
2229281970 3656
2229282012 3657
2229282015 3658
2229286278 3659
2229286758 3660
2229291065 3661
2229579730 3662
2229623167 3663
2229627436 3664
2229631488 3665
2229632158 3666
2229929673 3667
2229934173 3668
2229942604 3669
2229947231 3670
2229956069 3671
2229968817 3672
2229973318 3673
2230301090 3674
2230305017 3675
2230305343 3676
2230313616 3677
2230642295 3678
2230646124 3679
2230646168 3680
2230650476 3681
2230926964 3682
2230931053 3683
2230931077 3684
2230931155 3685
2230952337 3686
2230983145 3687
2230996234 3688
2231284881 3689
2231289277 3690
2231289333 3691
2231289424 3692
2231289459 3693
2231289545 3694
2231289597 3695
2231293819 3696
2231293853 3697
2231298121 3698
2231298154 3699
2231298170 3700
2231302306 3701
2231315330 3702
2231656529 3703
2255171225 3704
2255516778 3705
2255525707 3706
2255870570 3707
2256198547 3708
2256202820 3709
2256509698 3710
2256553247 3711
2256863785 3712
2257221822 3713
2257575800 3714
2258258064 3715
2258261977 3716
2258559559 3717
2258572913 3718
2258615902 3719
2258620617 3720
2258620788 3721
2258930998 3722
2258931080 3723
2258931499 3724
2258936197 3725
2258961231 3726
2258961293 3727
2259268627 3728
2259276436 3729
2259281302 3730
2259281518 3731
2259293804 3732
2259298572 3733
2259298672 3734
2259608595 3735
2259608823 3736
2259613201 3737
2259618324 3738
2259621572 3739
2259622347 3740
2259630810 3741
2259639403 3742
2259639442 3743
2259643501 3744
2259941071 3745
2259945333 3746
2259962903 3747
2259967555 3748
2259967952 3749
2260299362 3750
2260309055 3751
2260623606 3752
2260641243 3753
2260938437 3754
2260981689 3755
2260982097 3756
2261279587 3757
2261344244 3758
2261348558 3759
2261637853 3760
2261650724 3761
2261663955 3762
2261668283 3763
2261685135 3764
2261965878 3765
2261970553 3766
2261987736 3767
2261992182 3768
2262004951 3769
2262005232 3770
2262009571 3771
2262324036 3772
2262324061 3773
2262328440 3774
2262328549 3775
2262332862 3776
2262362985 3777
2286198061 3778
2286201768 3779
2286534439 3780
2286542481 3781
2286555340 3782
2286555464 3783
2286560545 3784
2287246672 3785
2287570105 3786
2287919487 3787
2288230379 3788
2288230691 3789
2288930190 3790
2288947134 3791
2288960169 3792
2289223313 3793
2289288554 3794
2289314276 3795
2289612244 3796
2289630057 3797
2289646946 3798
2289647034 3799
2289651223 3800
2289655390 3801
2289655455 3802
2289966237 3803
2289970525 3804
2289974519 3805
2289987902 3806
2289992074 3807
2289996006 3808
2289996476 3809
2289996523 3810
2290294508 3811
2290303228 3812
2290307156 3813
2290311967 3814
2290320612 3815
2290652366 3816
2290653097 3817
2290661414 3818
2291002013 3819
2291002542 3820
2291006502 3821
2291321410 3822
2291352085 3823
2291658351 3824
2291999690 3825
2292017107 3826
2292327595 3827
2292672665 3828
2292690254 3829
2292698707 3830
2292698723 3831
2316567983 3832
2317569350 3833
2317586257 3834
2317590754 3835
2317905820 3836
2318281462 3837
2318600642 3838
2319960509 3839
2320301873 3840
2320323397 3841
2320642400 3842
2320651439 3843
2320655662 3844
2320983805 3845
2321001244 3846
2321333583 3847
2321337738 3848
2321341987 3849
2321687228 3850
2348621155 3851
2349648679 3852
2350667315 3853
2351008679 3854
2351332666 3855
2351341013 3856
2351694749 3857
2352018309 3858
2352018809 3859
2352022945 3860
2352363999 3861
2381019968 3862
2381365832 3863
2382379828 3864
2382725117 3865
2383731281 3866
2410686663 3867
2413402411 3868
2443763356 3869
329599710 3870
417199910 3871
509626405 3872
542634818 3873
542652506 3874
542665377 3875
543010474 3876
544021095 3877
573333835 3878
573669915 3879
574027813 3880
574032862 3881
574037266 3882
574037281 3883
574374051 3884
577542489 3885
5812979059 3886
5812982656 3887
5812983053 3888
5812983069 3889
5812990165 3890
5812992940 3891
5812992944 3892
5812993853 3893
5812993881 3894
5812994291 3895
5812994702 3896
5812994785 3897
5812995098 3898
5812995195 3899
5812995235 3900
5812995240 3901
5812995261 3902
5812995265 3903
5812995278 3904
5812995297 3905
5812995298 3906
5812995304 3907
5812995328 3908
5812995347 3909
5812995356 3910
5812995402 3911
5812995413 3912
5812995437 3913
5812995946 3914
5812995952 3915
5812996052 3916
5812996056 3917
5812996057 3918
5812996058 3919
5812996079 3920
5812996083 3921
5812996090 3922
5812996091 3923
5812996092 3924
5812996109 3925
5812996748 3926
5812996749 3927
5812996809 3928
5812996810 3929
5812996829 3930
5812996886 3931
5812996903 3932
5812996926 3933
5812996943 3934
5812997518 3935
5812997703 3936
5812997711 3937
5812997715 3938
5812997727 3939
5812998303 3940
5812998311 3941
5812998432 3942
5812998436 3943
5812998437 3944
5812998438 3945
5812998440 3946
5812998445 3947
5812998446 3948
5812998466 3949
5812998469 3950
5812998538 3951
5812999096 3952
5812999097 3953
5812999178 3954
5812999215 3955
5812999623 3956
5812999627 3957
5812999642 3958
5812999644 3959
5812999645 3960
5812999657 3961
5812999669 3962
5812999707 3963
5812999771 3964
5812999773 3965
5813000234 3966
5813000235 3967
5813000237 3968
5813000247 3969
5813000250 3970
5813000276 3971
5813000296 3972
5813000306 3973
5813000307 3974
5813000313 3975
5813000317 3976
5813000717 3977
5813000800 3978
5813000834 3979
5813000835 3980
5813000836 3981
5813000842 3982
5813001367 3983
5813001792 3984
5813002248 3985
5813002250 3986
5813002267 3987
5813002294 3988
5813002313 3989
5813002329 3990
5813002333 3991
5813002774 3992
5813002857 3993
5813002862 3994
5813003258 3995
5813003310 3996
5813003327 3997
5813003341 3998
5813003342 3999
5813003348 4000
5813003357 4001
5813003358 4002
5813003362 4003
5813003369 4004
5813003374 4005
5813003379 4006
5813003380 4007
5813003775 4008
5813003780 4009
5813003791 4010
5813003805 4011
5813004152 4012
5813004153 4013
5813004185 4014
5813004197 4015
5813004203 4016
5813004626 4017
5813004652 4018
5813004665 4019
5813004685 4020
5813004691 4021
5813004702 4022
5813005064 4023
5813005081 4024
5813005497 4025
5813005499 4026
5813005518 4027
5813005525 4028
5813005526 4029
5813005528 4030
5813005545 4031
5813005551 4032
5813005552 4033
5813005556 4034
5813005580 4035
5813013823 4036
5813015576 4037
5813017402 4038
5813017404 4039
5813017405 4040
5813017407 4041
5813017409 4042
5813017410 4043
5813018423 4044
5813018460 4045
5813018704 4046
5813018705 4047
5813018706 4048
5813018707 4049
5813018708 4050
5813018714 4051
5813018729 4052
5813018827 4053
5813018842 4054
5813018847 4055
5813018849 4056
5813019049 4057
5813019196 4058
5813020396 4059
5813021632 4060
5813024339 4061
5813024340 4062
5813024601 4063
5813024602 4064
5813024603 4065
5813024605 4066
5813024616 4067
5813024618 4068
5813024619 4069
5813024620 4070
5813024621 4071
5813024623 4072
5813024692 4073
5813024698 4074
5813024701 4075
5813024710 4076
5813024712 4077
5813024799 4078
5813024981 4079
5813024983 4080
5813025198 4081
5813025591 4082
5813025714 4083
5813027758 4084
5813032595 4085
5813034081 4086
5813034117 4087
5813034197 4088
5813034203 4089
5813034251 4090
5813034301 4091
5813034306 4092
5813034363 4093
5813034364 4094
5813034367 4095
5813034368 4096
5813034409 4097
5813034455 4098
5813034463 4099
5813034465 4100
5813034493 4101
5813034531 4102
5813034571 4103
5813034689 4104
5813034749 4105
5813034811 4106
5813038793 4107
5813038889 4108
5813039011 4109
5813039012 4110
5813039013 4111
5813039095 4112
5813039159 4113
5813039161 4114
5813039235 4115
5813039309 4116
5813039315 4117
5813039420 4118
5813039424 4119
5813039425 4120
5813039442 4121
5813039465 4122
5813039471 4123
5813040492 4124
5813040502 4125
5813040515 4126
5813040847 4127
5813041075 4128
5813041247 4129
5813041479 4130
5813042603 4131
5813042606 4132
5813046199 4133
5813046209 4134
5813046210 4135
5813046468 4136
5813046469 4137
5813046494 4138
5813046526 4139
5813046529 4140
5813046530 4141
5813046796 4142
5813047527 4143
5813047691 4144
5813049001 4145
5813049298 4146
5813049745 4147
5813049934 4148
5813050022 4149
5813050276 4150
5813050455 4151
5813050676 4152
5813050727 4153
5813050729 4154
5813054622 4155
5813054697 4156
5813054708 4157
5813054710 4158
5813054716 4159
5813054725 4160
5813054726 4161
5813054729 4162
5813054760 4163
5813054773 4164
5813054777 4165
5813054911 4166
5813054967 4167
5813055025 4168
5813055048 4169
5813055147 4170
5813055162 4171
5813055180 4172
5813055184 4173
5813055277 4174
5813055386 4175
5813056072 4176
5813056596 4177
5813056598 4178
5813056642 4179
5813056694 4180
5813056704 4181
5813056797 4182
5813057474 4183
5813057594 4184
5813060170 4185
5813060361 4186
5813061255 4187
5813061328 4188
5813061474 4189
5813062184 4190
5813062199 4191
5813062705 4192
5813063239 4193
5813065151 4194
5813066684 4195
5813066988 4196
5813068224 4197
5813068337 4198
5813068369 4199
5813069055 4200
5813069085 4201
5813069089 4202
5813069348 4203
5813069447 4204
5813069532 4205
5813069942 4206
5813070872 4207
5813070873 4208
5813071357 4209
5813071369 4210
5813071384 4211
5813075196 4212
5813075753 4213
5813076969 4214
5813077757 4215
5813077774 4216
5813077779 4217
5813077788 4218
5813077798 4219
5813077810 4220
5813077826 4221
5813077853 4222
5813078133 4223
5813078440 4224
5813078599 4225
5813079228 4226
5813082964 4227
5813083386 4228
5813083541 4229
5813083723 4230
5813085919 4231
5813086006 4232
5813086007 4233
5813087898 4234
5813089348 4235
5813090624 4236
5813097084 4237
5813102390 4238
5813103363 4239
5813108151 4240
5813125248 4241
5813129668 4242
5813130064 4243
5813132687 4244
5813132919 4245
5813132949 4246
5813134848 4247
5901193120 4248
5901193506 4249
5901194590 4250
5901194801 4251
5901194945 4252
5901194947 4253
5901194966 4254
5901195764 4255
5901196806 4256
5901197739 4257
5901197989 4258
5901198734 4259
5901198820 4260
5901198995 4261
5901199543 4262
5901199598 4263
5901199735 4264
5901199825 4265
5901200000 4266
5901201111 4267
5901201372 4268
5901202025 4269
5901202409 4270
5901202754 4271
5901202811 4272
5901202939 4273
5901203730 4274
5901203878 4275
5901204334 4276
5901204564 4277
5901204684 4278
5901204861 4279
5901204943 4280
5901206005 4281
5901206094 4282
5901206247 4283
5901206553 4284
5901206814 4285
5901207042 4286
5901209981 4287
5901210175 4288
5901210481 4289
5901210546 4290
5901213161 4291
5901215044 4292
5901215173 4293
5901218894 4294
5901221329 4295
5901222731 4296
5901222910 4297
603785283 4298
604726283 4299
606090268 4300
609924156 4301
610274029 4302
610274046 4303
630714299 4304
634379734 4305
634707780 4306
634759240 4307
635062078 4308
636789080 4309
637462647 4310
638481581 4311
639276164 4312
662776660 4313
663432544 4314
663787020 4315
664814903 4316
666135689 4317
666818300 4318
667823920 4319
693125078 4320
693479072 4321
693483018 4322
693927941 4323
694834412 4324
697145036 4325
697844568 4326
698508565 4327
698569832 4328
699031185 4329
704699661 4330
7112614585 4331
7112615078 4332
7112615467 4333
7112615468 4334
7112622079 4335
7112626201 4336
7112626202 4337
7112626205 4338
7112626217 4339
7112626654 4340
722817260 4341
724816115 4342
726207450 4343
727472481 4344
727855437 4345
729219639 4346
730213826 4347
730252777 4348
733316908 4349
735091236 4350
754534424 4351
754538881 4352
754854077 4353
755518957 4354
757556799 4355
759810119 4356
759922408 4357
760264077 4358
762982753 4359
763730414 4360
788306624 4361
788306724 4362
788648194 4363
788940872 4364
788945049 4365
792023887 4366
792024028 4367
792040520 4368
792364888 4369
818983130 4370
819993149 4371
823037476 4372
823058829 4373
824353701 4374
850375847 4375
850703925 4376
850708902 4377
850717220 4378
851684181 4379
856071065 4380
882353566 4381
886812643 4382
887105351 4383
914778159 4384
947513805 4385
948834414 4386
950229431 4387
975457916 4388
976830572 4389
977866721 4390
