1006258344 1
1036504644 2
1037293275 3
1037517925 4
1037518512 5
1039237469 6
1069929827 7
1070613107 8
1099911913 9
1102334088 10
1225100939 11
1316245799 12
1322353714 13
1322353824 14
1406966879 15
1411784734 16
1415825344 17
1415829574 18
1418618235 19
1442819296 20
1447201088 21
1447205602 22
1536947502 23
1539978151 24
1543124896 25
1543124950 26
1543124957 27
1547454812 28
1570685033 29
1570685283 30
1574159751 31
1574159997 32
1574160090 33
1574164298 34
1574164489 35
1574164579 36
1574501116 37
1574833154 38
1575170425 39
1578826464 40
1604858244 41
1604858301 42
1605186174 43
1605186300 44
1605186410 45
1605190291 46
1605190359 47
1605190489 48
1605190560 49
1605190603 50
1605190615 51
1605190625 52
1605194516 53
1605194797 54
1605195203 55
1605198915 56
1605199651 57
1605203628 58
1605204164 59
1605204239 60
1605205438 61
1605205482 62
1605522829 63
1605523130 64
1605523221 65
1605863918 66
1605863963 67
1605864014 68
1605864018 69
1605864206 70
1605864500 71
1605864501 72
1609542060 73
1609883245 74
1610530558 75
1630051981 76
1630734360 77
1635884589 78
1635884784 79
1635888647 80
1635889014 81
1635889103 82
1635893150 83
1635893275 84
1635893359 85
1635893408 86
1635893414 87
1635893421 88
1635893494 89
1635893554 90
1636221010 91
1636221143 92
1636221188 93
1636221240 94
1636225271 95
1636225296 96
1636225341 97
1636225363 98
1636225489 99
1636225502 100
1636225517 101
1636225531 102
1636225559 103
1636225564 104
1636225589 105
1636225622 106
1636225661 107
1636229688 108
1636229755 109
1636233881 110
1636233970 111
1636233979 112
1636234012 113
1636234045 114
1636238659 115
1636238769 116
1636238887 117
1636238971 118
1636239206 119
1636240001 120
1636557601 121
1636557945 122
1636558008 123
1636558202 124
1636558291 125
1636558405 126
1636898862 127
1636899236 128
1636899254 129
1637231631 130
1637239858 131
1637239941 132
1637239975 133
1637240364 134
1637568633 135
1638315078 136
1639010352 137
1639230478 138
1639234609 139
1639243580 140
1639252213 141
1639368236 142
1639381243 143
1639579954 144
1639588874 145
1639588904 146
1639593146 147
1639593245 148
1639709286 149
1639709508 150
1639709544 151
1639886198 152
1639921133 153
1639925326 154
1639925359 155
1639938708 156
1639943177 157
1640050851 158
1640257586 159
1640279391 160
1640555311 161
1640568102 162
1640572741 163
1640572862 164
1640585539 165
1640594274 166
1640887603 167
1640909284 168
1640922302 169
1640922390 170
1640922516 171
1640922754 172
1640926495 173
1640926761 174
1641250391 175
1641258972 176
1641263276 177
1641600157 178
1642623277 179
1661769627 180
1666578148 181
1666578327 182
1666578620 183
1666578623 184
1666578624 185
1666578629 186
1666582562 187
1666582877 188
1666583002 189
1666586731 190
1666586817 191
1666586873 192
1666587007 193
1666587375 194
1666591156 195
1666596157 196
1666910607 197
1666910636 198
1666910690 199
1666914838 200
1666914948 201
1666914962 202
1666914994 203
1666915031 204
1666915045 205
1666915165 206
1666915169 207
1666915198 208
1666915286 209
1666915408 210
1666919180 211
1666919254 212
1666919260 213
1666919287 214
1666919411 215
1666919676 216
1666923367 217
1666923427 218
1666923551 219
1666923703 220
1666923720 221
1666928084 222
1666928150 223
1666928495 224
1666932304 225
1666932688 226
1666932704 227
1666932850 228
1666936597 229
1666954322 230
1667247553 231
1667247833 232
1667251683 233
1667251907 234
1667255933 235
1667260226 236
1667260236 237
1667260242 238
1667260271 239
1667260273 240
1667260659 241
1667264339 242
1667264461 243
1667277506 244
1667281839 245
1667281936 246
1667592446 247
1667592481 248
1667592552 249
1667592575 250
1667592674 251
1667592917 252
1667592954 253
1667592980 254
1667593128 255
1667597008 256
1667597412 257
1667929661 258
1667929794 259
1667933626 260
1667933640 261
1667933862 262
1667933908 263
1667933931 264
1667934038 265
1667934041 266
1667995030 267
1668258376 268
1668262697 269
1668266547 270
1668266562 271
1668270697 272
1668275074 273
1668335478 274
1668599546 275
1668603328 276
1668603435 277
1668603457 278
1668607518 279
1668611764 280
1668616407 281
1668676767 282
1668940163 283
1668940289 284
1668943729 285
1668944259 286
1668944307 287
1668948547 288
1669017843 289
1669018304 290
1669021944 291
1669272579 292
1669280923 293
1669281037 294
1669358817 295
1669363503 296
1669621744 297
1669621996 298
1669622057 299
1669626597 300
1669699436 301
1669699714 302
1669704840 303
1669708938 304
1669716903 305
1669716934 306
1669716941 307
1669721441 308
1669721587 309
1669725839 310
1669726032 311
1669730156 312
1669915315 313
1669919662 314
1669919865 315
1669924220 316
1669928799 317
1669928802 318
1669933011 319
1669946117 320
1669949998 321
1669967018 322
1670045635 323
1670247742 324
1670252047 325
1670252082 326
1670252091 327
1670252125 328
1670256057 329
1670256074 330
1670256121 331
1670256123 332
1670256170 333
1670256200 334
1670256208 335
1670256226 336
1670256275 337
1670256285 338
1670256369 339
1670256374 340
1670256379 341
1670260748 342
1670264761 343
1670265016 344
1670265095 345
1670269656 346
1670273743 347
1670278227 348
1670282465 349
1670286505 350
1670286565 351
1670286643 352
1670286938 353
1670287030 354
1670290830 355
1670290840 356
1670291083 357
1670295588 358
1670295679 359
1670299473 360
1670381907 361
1670382036 362
1670386270 363
1670390647 364
1670411672 365
1670584497 366
1670588784 367
1670588790 368
1670593041 369
1670593195 370
1670593240 371
1670597202 372
1670597359 373
1670597454 374
1670597533 375
1670610554 376
1670623318 377
1670623474 378
1670623676 379
1670623716 380
1670627821 381
1670627928 382
1670628153 383
1670631838 384
1670632284 385
1670632335 386
1670632384 387
1670632390 388
1670640429 389
1670748385 390
1670761442 391
1670916819 392
1670934124 393
1670934131 394
1670934213 395
1670934229 396
1670938273 397
1670938437 398
1670938446 399
1670942575 400
1670960408 401
1670969304 402
1670969318 403
1670972802 404
1670973150 405
1671257931 406
1671270646 407
1671270875 408
1671271059 409
1671271189 410
1671275020 411
1671275383 412
1671279391 413
1671283628 414
1671283826 415
1671288313 416
1671292634 417
1671292694 418
1671292719 419
1671297064 420
1671305698 421
1671608112 422
1671616310 423
1671616374 424
1671616397 425
1671620549 426
1671620573 427
1671620613 428
1671620813 429
1671620917 430
1671621020 431
1671625186 432
1671625238 433
1671625304 434
1671629267 435
1671629301 436
1671629585 437
1671638278 438
1671642346 439
1671952694 440
1671957122 441
1671961938 442
1671965948 443
1671966064 444
1671966114 445
1671966229 446
1671966254 447
1671970212 448
1671970238 449
1671970331 450
1671970367 451
1671970683 452
1671970762 453
1671974365 454
1672293837 455
1672293878 456
1672307311 457
1672311578 458
1672311668 459
1672311674 460
1672315788 461
1672316002 462
1672316164 463
1672316168 464
1672319994 465
1672320134 466
1672328902 467
1672635273 468
1672639485 469
1672643988 470
1672652372 471
1692817033 472
1693486219 473
1693827279 474
1696948638 475
1697263685 476
1697272285 477
1697276313 478
1697276582 479
1697276648 480
1697276695 481
1697280776 482
1697280847 483
1697280950 484
1697281203 485
1697285129 486
1697285165 487
1697285307 488
1697285520 489
1697285565 490
1697285571 491
1697285610 492
1697600363 493
1697604748 494
1697605071 495
1697608583 496
1697608860 497
1697609151 498
1697609381 499
1697613072 500
1697613132 501
1697613170 502
1697613300 503
1697613314 504
1697613458 505
1697613466 506
1697613506 507
1697613513 508
1697613611 509
1697613650 510
1697617556 511
1697617570 512
1697617587 513
1697621641 514
1697621973 515
1697621981 516
1697621991 517
1697630404 518
1697648168 519
1697937875 520
1697941039 521
1697945551 522
1697945569 523
1697949646 524
1697949713 525
1697949895 526
1697949977 527
1697954189 528
1697954208 529
1697958405 530
1697988867 531
1697993770 532
1698002425 533
1698274536 534
1698278095 535
1698278105 536
1698278346 537
1698334367 538
1698338840 539
1698338865 540
1698338958 541
1698343052 542
1698618777 543
1698618858 544
1698619179 545
1698619238 546
1698623120 547
1698623131 548
1698679708 549
1698693312 550
1699029525 551
1699379523 552
1699633453 553
1699633680 554
1699637626 555
1699698428 556
1699711025 557
1699711114 558
1699711405 559
1699715276 560
1699715494 561
1699719901 562
1699957886 563
1699961833 564
1699961883 565
1699961895 566
1699961956 567
1699962012 568
1699962040 569
1699962056 570
1699962188 571
1699966364 572
1699970640 573
1699974426 574
1699974843 575
1700052335 576
1700294219 577
1700298673 578
1700298962 579
1700299033 580
1700303013 581
1700303249 582
1700307580 583
1700307582 584
1700328422 585
1700393451 586
1700596143 587
1700596168 588
1700600598 589
1700604830 590
1700604898 591
1700604950 592
1700604978 593
1700605059 594
1700605075 595
1700609155 596
1700609238 597
1700609292 598
1700609325 599
1700613376 600
1700613391 601
1700613524 602
1700613531 603
1700613639 604
1700613707 605
1700617897 606
1700635321 607
1700635521 608
1700639697 609
1700639720 610
1700644008 611
1700644027 612
1700648149 613
1700652037 614
1700652765 615
1700657154 616
1700661304 617
1700665363 618
1700739144 619
1700743216 620
1700932816 621
1700932879 622
1700937093 623
1700937308 624
1700941352 625
1700941431 626
1700941475 627
1700941629 628
1700941902 629
1700946085 630
1700946301 631
1700946302 632
1700980443 633
1700980593 634
1700980626 635
1700980659 636
1700980693 637
1700980727 638
1700984539 639
1700984878 640
1701273869 641
1701277993 642
1701278023 643
1701278090 644
1701282729 645
1701286638 646
1701287251 647
1701299822 648
1701312982 649
1701325725 650
1701343239 651
1701614773 652
1701614779 653
1701614885 654
1701614980 655
1701614996 656
1701628254 657
1701628317 658
1701675332 659
1701675592 660
1701757711 661
1701947337 662
1701960292 663
1701985992 664
1701999467 665
1702021357 666
1702107389 667
1702301695 668
1702301766 669
1702305987 670
1702306037 671
1702306047 672
1702310266 673
1702318692 674
1702318994 675
1702323386 676
1702323388 677
1702336044 678
1702336197 679
1702647113 680
1702651358 681
1702668580 682
1702681019 683
1702802179 684
1702811119 685
1702979194 686
1703000805 687
1703017933 688
1703151910 689
1703337673 690
1703337982 691
1703342127 692
1703342190 693
1703346294 694
1703346462 695
1703359176 696
1703363258 697
1703678670 698
1703682799 699
1703682848 700
1703682852 701
1703683023 702
1703683060 703
1703683156 704
1703683329 705
1703683361 706
1703691458 707
1703691551 708
1703695886 709
1703699955 710
1704006659 711
1704011227 712
1704028333 713
1704036587 714
1704347707 715
1723506321 716
1727961873 717
1727970209 718
1727970309 719
1727975215 720
1727979406 721
1727987554 722
1727988111 723
1727996245 724
1728294318 725
1728298525 726
1728307233 727
1728311554 728
1728311658 729
1728652192 730
1728975990 731
1728984763 732
1729312828 733
1729312857 734
1729317173 735
1729650077 736
1729650124 737
1729995175 738
1729999155 739
1730315051 740
1730319288 741
1730323031 742
1730327790 743
1730332034 744
1730647280 745
1730651423 746
1730651473 747
1730651751 748
1730651767 749
1730656082 750
1730979793 751
1730988388 752
1730992706 753
1730996778 754
1731290073 755
1731294438 756
1731294496 757
1731298838 758
1731298907 759
1731303224 760
1731303242 761
1731307775 762
1731312117 763
1731325040 764
1731325118 765
1731354634 766
1731354983 767
1731363527 768
1731626597 769
1731626686 770
1731626687 771
1731626696 772
1731631045 773
1731631051 774
1731631097 775
1731631162 776
1731631196 777
1731631236 778
1731640090 779
1732002326 780
1732032410 781
1732037171 782
1732110512 783
1732313117 784
1732360891 785
1732369784 786
1732451638 787
1732455860 788
1732714479 789
1732719013 790
1732719340 791
1732719510 792
1732719528 793
1732792926 794
1732797061 795
1732990851 796
1732995501 797
1733056086 798
1733176434 799
1733370882 800
1733387903 801
1733402071 802
1733491818 803
1733677514 804
1733681572 805
1733720780 806
1733833296 807
1733850183 808
1734182300 809
1734350776 810
1734350788 811
1734350800 812
1734350801 813
1734350808 814
1734350882 815
1734350908 816
1734355225 817
1734355247 818
1734355428 819
1734355450 820
1734355466 821
1734359876 822
1734372986 823
1734377152 824
1734398424 825
1734402468 826
1734420152 827
1734691670 828
1734691780 829
1734691853 830
1734691865 831
1734696429 832
1734696604 833
1734696656 834
1734705201 835
1734705240 836
1734713656 837
1734713691 838
1734713762 839
1734717557 840
1734717666 841
1734717736 842
1734717804 843
1734717977 844
1734718023 845
1734718081 846
1734718131 847
1734718209 848
1734722060 849
1734722219 850
1734730862 851
1734739361 852
1735032816 853
1735037070 854
1735037194 855
1735037273 856
1735041817 857
1735041965 858
1735042035 859
1735050696 860
1735050861 861
1735054428 862
1735054607 863
1735054729 864
1735058800 865
1735058916 866
1735059028 867
1735059070 868
1735063134 869
1735067302 870
1735071492 871
1735076146 872
1735378183 873
1735378225 874
1735378236 875
1735382530 876
1735382574 877
1735386920 878
1735391275 879
1735395504 880
1735395524 881
1735399719 882
1735399997 883
1735404269 884
1735408330 885
1755556097 886
1755556277 887
1756579280 888
1758323593 889
1758332523 890
1758664692 891
1758664807 892
1758673652 893
1758673668 894
1759329294 895
1759329458 896
1759662154 897
1759670012 898
1759674685 899
1759682777 900
1759999022 901
1760003326 902
1760684911 903
1760770838 904
1761345315 905
1761354106 906
1761354107 907
1761660556 908
1761992915 909
1762109467 910
1762143995 911
1762320660 912
1762320684 913
1762320698 914
1762320708 915
1762325266 916
1762351201 917
1762354941 918
1762359683 919
1762372489 920
1762463737 921
1762657342 922
1762657390 923
1762661722 924
1762674761 925
1762687580 926
1762704980 927
1762804655 928
1763028812 929
1763037543 930
1763136670 931
1763136774 932
1763141118 933
1763145263 934
1763145289 935
1763149978 936
1763417310 937
1763421945 938
1763473480 939
1763477766 940
1763486214 941
1763693549 942
1763728340 943
1763732482 944
1763823186 945
1763831814 946
1763836115 947
1764034593 948
1764038713 949
1764082256 950
1764091241 951
1764095366 952
1764100040 953
1764168474 954
1764388538 955
1764427482 956
1764431422 957
1764445682 958
1764699151 959
1764703462 960
1764703552 961
1764733951 962
1764764189 963
1764764305 964
1764764500 965
1764772942 966
1765040222 967
1765040289 968
1765044577 969
1765044896 970
1765049329 971
1765053669 972
1765083540 973
1765101135 974
1765101274 975
1765104972 976
1765105564 977
1765109775 978
1765114306 979
1765381455 980
1765385705 981
1765386030 982
1765398738 983
1765403303 984
1765446721 985
1765727039 986
1765731259 987
1765756933 988
1765761177 989
1765765942 990
1766067809 991
1766067816 992
1766068129 993
1766068147 994
1766068153 995
1766111002 996
1766409090 997
1766413024 998
1766434854 999
1766435031 1000
1766443340 1001
1766443374 1002
1766753982 1003
1766754285 1004
1766758683 1005
1766762919 1006
1788300760 1007
1788676257 1008
1788680513 1009
1788680591 1010
1788685103 1011
1788689504 1012
1789013008 1013
1789017486 1014
1789034579 1015
1789358636 1016
1789363459 1017
1789370758 1018
1789695634 1019
1789695647 1020
1789742943 1021
1789747116 1022
1790027507 1023
1790027663 1024
1790027811 1025
1790027860 1026
1790078970 1027
1790079036 1028
1790083460 1029
1790363808 1030
1790364325 1031
1790760961 1032
1790770089 1033
1791443060 1034
1791728189 1035
1791784000 1036
1791784002 1037
1791784004 1038
1791784021 1039
1791784044 1040
1791784074 1041
1792056586 1042
1792125082 1043
1792384630 1044
1792461775 1045
1792712389 1046
1792721178 1047
1792738769 1048
1792802753 1049
1792802765 1050
1792807347 1051
1793009969 1052
1793010029 1053
1793010051 1054
1793010128 1055
1793014287 1056
1793014297 1057
1793014384 1058
1793014435 1059
1793014580 1060
1793014716 1061
1793019211 1062
1793143865 1063
1793148226 1064
1793152975 1065
1793153070 1066
1793346872 1067
1793351108 1068
1793351123 1069
1793351401 1070
1793355832 1071
1793403571 1072
1793411931 1073
1793489216 1074
1793489224 1075
1793489249 1076
1793498041 1077
1793498432 1078
1793692357 1079
1793696526 1080
1793718345 1081
1793718545 1082
1793739545 1083
1793744512 1084
1793830155 1085
1793830259 1086
1793830307 1087
1794033447 1088
1794037618 1089
1794055377 1090
1794085335 1091
1794111598 1092
1794115672 1093
1794119455 1094
1794171243 1095
1794171277 1096
1794171596 1097
1794374434 1098
1794417626 1099
1794434775 1100
1794447723 1101
1794448441 1102
1794452513 1103
1794456937 1104
1794543004 1105
1794711172 1106
1794789355 1107
1794793680 1108
1794793747 1109
1794797705 1110
1795056456 1111
1795091692 1112
1795100203 1113
1795100335 1114
1795104056 1115
1795125853 1116
1795126050 1117
1795130353 1118
1795138938 1119
1795402166 1120
1795440828 1121
1795484390 1122
1795544444 1123
1795544483 1124
1795734015 1125
1795734228 1126
1795742734 1127
1795777790 1128
1795786203 1129
1795790622 1130
1795807889 1131
1796075454 1132
1796075469 1133
1796079753 1134
1796080038 1135
1796088205 1136
1796122905 1137
1796131589 1138
1796131801 1139
1796416505 1140
1796420624 1141
1796420891 1142
1796446452 1143
1796481518 1144
1796757163 1145
1796757192 1146
1796757522 1147
1796761826 1148
1796766157 1149
1796809680 1150
1796813596 1151
1796813992 1152
1796817841 1153
1796818061 1154
1796818119 1155
1796818191 1156
1796818363 1157
1796818374 1158
1796822470 1159
1797107163 1160
1797115499 1161
1797128828 1162
1797133109 1163
1797133124 1164
1797439276 1165
1797443721 1166
1797478034 1167
1797505019 1168
1797789401 1169
1797789541 1170
1797793830 1171
1797814929 1172
1797814956 1173
1797815029 1174
1797815065 1175
1818307672 1176
1820720776 1177
1820720998 1178
1820721367 1179
1821054097 1180
1821062060 1181
1821062183 1182
1821062392 1183
1821062423 1184
1821062473 1185
1821062620 1186
1821062621 1187
1821062848 1188
1821395094 1189
1821395351 1190
1821403375 1191
1821403388 1192
1821403404 1193
1821403418 1194
1821403502 1195
1821403618 1196
1821403680 1197
1821739907 1198
1822055297 1199
1822055337 1200
1822055381 1201
1822060683 1202
1822404878 1203
1822405167 1204
1822686129 1205
1823363190 1206
1823367829 1207
1823441308 1208
1823708499 1209
1823708611 1210
1823712908 1211
1823713211 1212
1823717721 1213
1823743438 1214
1823764888 1215
1824049537 1216
1824049560 1217
1824054016 1218
1824101645 1219
1824110399 1220
1824123418 1221
1824127525 1222
1824390386 1223
1824472937 1224
1824723104 1225
1824745150 1226
1824757710 1227
1824801327 1228
1824804722 1229
1824805341 1230
1824813936 1231
1824865496 1232
1825085656 1233
1825137681 1234
1825137958 1235
1825142206 1236
1825145719 1237
1825146110 1238
1825146295 1239
1825155144 1240
1825440160 1241
1825789179 1242
1825793689 1243
1825828174 1244
1826121523 1245
1826130437 1246
1826164630 1247
1826169531 1248
1826169618 1249
1826173903 1250
1826432353 1251
1826445251 1252
1826458709 1253
1826463069 1254
1826488312 1255
1826492720 1256
1826566083 1257
1826773575 1258
1826773768 1259
1826773830 1260
1826781934 1261
1826804080 1262
1826825128 1263
1826829734 1264
1826929327 1265
1827110060 1266
1827114589 1267
1827122986 1268
1827149116 1269
1827149288 1270
1827446803 1271
1827451271 1272
1827473315 1273
1827481724 1274
1827481734 1275
1827516355 1276
1827516518 1277
1827516566 1278
1827633289 1279
1827800716 1280
1827822950 1281
1827852654 1282
1827861908 1283
1827861955 1284
1827861966 1285
1828128866 1286
1828163689 1287
1828163744 1288
1828163783 1289
1828163812 1290
1828163860 1291
1828163951 1292
1828163960 1293
1828168162 1294
1828168182 1295
1828168291 1296
1828172336 1297
1828189572 1298
1828194121 1299
1828206773 1300
1828504827 1301
1828505022 1302
1828509124 1303
1828509152 1304
1828509305 1305
1828530446 1306
1828534819 1307
1828828509 1308
1828841178 1309
1828845647 1310
1828845666 1311
1850706912 1312
1850711304 1313
1851061177 1314
1851389175 1315
1851393805 1316
1851756564 1317
1851756979 1318
1851757063 1319
1851816763 1320
1852084130 1321
1852084817 1322
1852093674 1323
1852097022 1324
1852097284 1325
1854407104 1326
1854428111 1327
1854536305 1328
1854876962 1329
1855166385 1330
1855166479 1331
1855166831 1332
1855412441 1333
1855473376 1334
1855507748 1335
1855835989 1336
1855844720 1337
1855848320 1338
1856103073 1339
1856129403 1340
1856146538 1341
1856172613 1342
1856435355 1343
1856466057 1344
1856487447 1345
1856513745 1346
1856522421 1347
1856820145 1348
1856833015 1349
1856858981 1350
1856867325 1351
1857143769 1352
1857148391 1353
1857200218 1354
1857200253 1355
1857485213 1356
1857799548 1357
1857816954 1358
1857825571 1359
1857830017 1360
1857838469 1361
1858158316 1362
1858162227 1363
1858162307 1364
1858171399 1365
1858171515 1366
1858171556 1367
1858171584 1368
1858486077 1369
1858499094 1370
1858512256 1371
1858517007 1372
1858537855 1373
1858822939 1374
1858831647 1375
1858857291 1376
1858857544 1377
1858857698 1378
1858857715 1379
1858857755 1380
1858857867 1381
1858857875 1382
1858861951 1383
1858862089 1384
1858866679 1385
1858874912 1386
1858875108 1387
1858887650 1388
1858892359 1389
1858896269 1390
1858901026 1391
1859190013 1392
1859194620 1393
1859198542 1394
1859198653 1395
1859202920 1396
1859220826 1397
1859224229 1398
1859224592 1399
1859224739 1400
1859539254 1401
1859539437 1402
1859543796 1403
1859565686 1404
1859570142 1405
1859570211 1406
1859574636 1407
1859579279 1408
1859859247 1409
1859880427 1410
1859880766 1411
1859915060 1412
1859915287 1413
1860225715 1414
1881059780 1415
1881401277 1416
1881751117 1417
1882083076 1418
1882790992 1419
1883106059 1420
1883128139 1421
1883443069 1422
1883443112 1423
1883447515 1424
1883468979 1425
1883469292 1426
1883469542 1427
1883469558 1428
1883469572 1429
1883473629 1430
1883783683 1431
1883783710 1432
1883783723 1433
1883783769 1434
1883783789 1435
1883783906 1436
1883783945 1437
1883788812 1438
1883801148 1439
1884125092 1440
1884125111 1441
1884138473 1442
1885101169 1443
1885109710 1444
1885165475 1445
1885502165 1446
1885765506 1447
1885765762 1448
1885782720 1449
1886132855 1450
1886171386 1451
1886192431 1452
1886447240 1453
1886503606 1454
1886512087 1455
1886516872 1456
1886788224 1457
1886788295 1458
1886788309 1459
1886788314 1460
1886788340 1461
1886788368 1462
1886788784 1463
1886801575 1464
1886805764 1465
1886870366 1466
1886883838 1467
1887129331 1468
1887142449 1469
1887155095 1470
1887155684 1471
1887163927 1472
1887177026 1473
1887181063 1474
1887203652 1475
1887466111 1476
1887470461 1477
1887470632 1478
1887505407 1479
1887518225 1480
1887539871 1481
1887815752 1482
1888157137 1483
1888178718 1484
1888183031 1485
1888183512 1486
1888199872 1487
1888213190 1488
1888524453 1489
1888528200 1490
1888537109 1491
1888572074 1492
1888852406 1493
1888860489 1494
1888877854 1495
1888904036 1496
1888908241 1497
1889201905 1498
1889202081 1499
1889205779 1500
1889206087 1501
1889206117 1502
1889206157 1503
1889210507 1504
1889210665 1505
1889227494 1506
1889231891 1507
1889245285 1508
1889253763 1509
1889253785 1510
1889266295 1511
1889547160 1512
1889556132 1513
1889556189 1514
1889883640 1515
1889883818 1516
1889883843 1517
1889884191 1518
1889892278 1519
1889892543 1520
1889931525 1521
1890216176 1522
1890233501 1523
1890237393 1524
1890237517 1525
1890242262 1526
1890242331 1527
1890246601 1528
1890570586 1529
1890574357 1530
1890574706 1531
1890902931 1532
1890907320 1533
1890907348 1534
1890907372 1535
1890911535 1536
1890911584 1537
1890915222 1538
1890915361 1539
1890915680 1540
1890915703 1541
1890915794 1542
1891256365 1543
1891260859 1544
1912435859 1545
1912789965 1546
1914140664 1547
1914162448 1548
1914500037 1549
1914500150 1550
1914823337 1551
1914823414 1552
1915155348 1553
1915155414 1554
1915837804 1555
1916152641 1556
1916157698 1557
1916472181 1558
1916485259 1559
1916528384 1560
1916800213 1561
1917188956 1562
1917517400 1563
1917551840 1564
1917823111 1565
1917823351 1566
1917823571 1567
1917866877 1568
1918173122 1569
1918173212 1570
1918207300 1571
1918324796 1572
1918846818 1573
1918885778 1574
1918889952 1575
1918911323 1576
1918924611 1577
1919208947 1578
1919589289 1579
1919593658 1580
1919593659 1581
1919598356 1582
1919601688 1583
1919602465 1584
1919606507 1585
1919606600 1586
1919606824 1587
1919606852 1588
1919611150 1589
1919611201 1590
1919904032 1591
1919934500 1592
1919938649 1593
1919947917 1594
1919947985 1595
1919952117 1596
1919952135 1597
1919952136 1598
1919952145 1599
1919956523 1600
1919956557 1601
1920042851 1602
1920258391 1603
1920258429 1604
1920275554 1605
1920288829 1606
1920292924 1607
1920292932 1608
1920292983 1609
1920297251 1610
1920297317 1611
1920301256 1612
1920573305 1613
1920586193 1614
1920590263 1615
1920590422 1616
1920590638 1617
1920594918 1618
1920595031 1619
1920599403 1620
1920603834 1621
1920603930 1622
1920603934 1623
1920608073 1624
1920608152 1625
1920608162 1626
1920616720 1627
1920629312 1628
1920633993 1629
1920634004 1630
1920944950 1631
1920945035 1632
1920949241 1633
1921255398 1634
1921255488 1635
1921255508 1636
1921255581 1637
1921264137 1638
1921264210 1639
1921281041 1640
1921285706 1641
1921290382 1642
1921290498 1643
1921294743 1644
1921303555 1645
1921307399 1646
1921307609 1647
1921311314 1648
1921587758 1649
1921587901 1650
1921587989 1651
1921588005 1652
1921592070 1653
1921592245 1654
1921592406 1655
1921596400 1656
1921600436 1657
1921600938 1658
1921605131 1659
1921605218 1660
1921605227 1661
1921605351 1662
1921609426 1663
1921609470 1664
1921613915 1665
1921622081 1666
1921635826 1667
1921648917 1668
1921928933 1669
1921933123 1670
1921933455 1671
1921933509 1672
1921937701 1673
1921937773 1674
1921942015 1675
1921946032 1676
1921950610 1677
1921954535 1678
1921955027 1679
1922278546 1680
1922282965 1681
1922286868 1682
1922287349 1683
1922291297 1684
1922291643 1685
1922291703 1686
1922291708 1687
1922295452 1688
1922295549 1689
1922295728 1690
1922295837 1691
1922295855 1692
1922296059 1693
1922299736 1694
1922299788 1695
1922299935 1696
1943811511 1697
1943811736 1698
1943812176 1699
1944502935 1700
1944507292 1701
1945608021 1702
1945875433 1703
1946178096 1704
1946850979 1705
1947165954 1706
1947192569 1707
1947563799 1708
1947576980 1709
1947577039 1710
1947580406 1711
1947580951 1712
1947584968 1713
1947921782 1714
1947925992 1715
1947926043 1716
1947926093 1717
1947926117 1718
1948172360 1719
1948249993 1720
1948262528 1721
1948262532 1722
1948262949 1723
1948262973 1724
1948271485 1725
1948512982 1726
1948513200 1727
1948595057 1728
1948595517 1729
1948599372 1730
1948603792 1731
1948603941 1732
1948608265 1733
1948608346 1734
1948612864 1735
1948613071 1736
1948875641 1737
1948927555 1738
1948936210 1739
1948940756 1740
1948944967 1741
1948949399 1742
1948953753 1743
1949212134 1744
1949273327 1745
1949277120 1746
1949281715 1747
1949281867 1748
1949290134 1749
1949609807 1750
1949959597 1751
1949959710 1752
1949963384 1753
1949963653 1754
1949963738 1755
1949963770 1756
1949963933 1757
1949967702 1758
1949967960 1759
1949968014 1760
1949968022 1761
1949968049 1762
1950235142 1763
1950300619 1764
1950300694 1765
1950304683 1766
1950304912 1767
1950304963 1768
1950305000 1769
1950309168 1770
1950637186 1771
1950641434 1772
1950641537 1773
1950641562 1774
1950645340 1775
1950645499 1776
1950645656 1777
1950649874 1778
1950649953 1779
1950654449 1780
1950943473 1781
1950943744 1782
1950948074 1783
1950956576 1784
1950978227 1785
1950982362 1786
1950982707 1787
1950995154 1788
1950995241 1789
1950995474 1790
1950995575 1791
1950995585 1792
1951297019 1793
1951297341 1794
1951297509 1795
1951297564 1796
1951315166 1797
1951331796 1798
1951331995 1799
1951629651 1800
1951634193 1801
1951638298 1802
1951638332 1803
1951638336 1804
1951638388 1805
1951638471 1806
1951638593 1807
1951638640 1808
1951638641 1809
1951638643 1810
1951642748 1811
1951642788 1812
1951642825 1813
1951642829 1814
1951642867 1815
1951643003 1816
1951643042 1817
1951651646 1818
1951672911 1819
1951940629 1820
1951945281 1821
1951949599 1822
1951966333 1823
1951970886 1824
1951971057 1825
1951979608 1826
1951983551 1827
1951983985 1828
1951987988 1829
1951988087 1830
1951988130 1831
1951988248 1832
1951992717 1833
1952009816 1834
1952281720 1835
1952286065 1836
1952286144 1837
1952286302 1838
1952294779 1839
1952294807 1840
1952294823 1841
1952299058 1842
1952303387 1843
1952303624 1844
1952311688 1845
1952312176 1846
1952315943 1847
1952320441 1848
1952329191 1849
1952329239 1850
1952333490 1851
1952333815 1852
1952338476 1853
1952622416 1854
1952622748 1855
1952622768 1856
1952631005 1857
1952631066 1858
1952631424 1859
1952635585 1860
1952635650 1861
1952644202 1862
1952648447 1863
1952648472 1864
1952674925 1865
1952963898 1866
1952985248 1867
1953020443 1868
1953326375 1869
1953326535 1870
1953326621 1871
1953330644 1872
1953671528 1873
1953671540 1874
1953671646 1875
1974846717 1876
1975187675 1877
1975878958 1878
1976232101 1879
1976547491 1880
1976565858 1881
1977208602 1882
1977238794 1883
1977545462 1884
1977545573 1885
1977553534 1886
1977579449 1887
1977596902 1888
1977597054 1889
1977600880 1890
1977881942 1891
1977890767 1892
1977898840 1893
1977898894 1894
1977916288 1895
1977933882 1896
1978209738 1897
1978227513 1898
1978227627 1899
1978261876 1900
1978615455 1901
1978615737 1902
1978908720 1903
1979206640 1904
1979228653 1905
1979232658 1906
1979263232 1907
1979297272 1908
1979306126 1909
1979547954 1910
1979569670 1911
1979604128 1912
1979634420 1913
1979643001 1914
1979647512 1915
1979647533 1916
1979888904 1917
1979888922 1918
1979888937 1919
1979967428 1920
1979970829 1921
1979984142 1922
1979984195 1923
1979984203 1924
1979988534 1925
1979988708 1926
1980229841 1927
1980234505 1928
1980234579 1929
1980234607 1930
1980299291 1931
1980303759 1932
1980307636 1933
1980308137 1934
1980312450 1935
1980325211 1936
1980325289 1937
1980329375 1938
1980329576 1939
1980329632 1940
1980329783 1941
1980575147 1942
1980579904 1943
1980640296 1944
1980644252 1945
1980644654 1946
1980653016 1947
1980657565 1948
1980661413 1949
1980666391 1950
1980666410 1951
1980666468 1952
1980670418 1953
1980916395 1954
1980920883 1955
1980994340 1956
1980998276 1957
1980998346 1958
1981304982 1959
1981305112 1960
1981305197 1961
1981335285 1962
1981339518 1963
1981343850 1964
1981348270 1965
1981352722 1966
1981650415 1967
1981667601 1968
1981671971 1969
1981672040 1970
1981680090 1971
1981680143 1972
1981684610 1973
1981689243 1974
1981693564 1975
1981991229 1976
1981991471 1977
1981991527 1978
1981995502 1979
1982306692 1980
1982319465 1981
1982323608 1982
1982328055 1983
1982328174 1984
1982328197 1985
1982332176 1986
1982332213 1987
1982332225 1988
1982332306 1989
1982336521 1990
1982358330 1991
1982358534 1992
1982366779 1993
1982643277 1994
1982669243 1995
1982669251 1996
1982673194 1997
1982673199 1998
1982673275 1999
1982677534 2000
1982695068 2001
1982703607 2002
1982707911 2003
1982708093 2004
1982716575 2005
1982717040 2006
1983001252 2007
1983018505 2008
1983018724 2009
1983032017 2010
1983032138 2011
1983036540 2012
1983036578 2013
1983040829 2014
1983044890 2015
1983329638 2016
1983351290 2017
1983359965 2018
1983364112 2019
1983373284 2020
1983377791 2021
1983381548 2022
1983381579 2023
1983381746 2024
1983381965 2025
1983657566 2026
1983657703 2027
1983661767 2028
1983670552 2029
1983675059 2030
1983696486 2031
1983701072 2032
1983705493 2033
1983709791 2034
1983714374 2035
1983718771 2036
1983727221 2037
1983998527 2038
1984007381 2039
1984007485 2040
1984011455 2041
1984020393 2042
1984024347 2043
1984050417 2044
1984361232 2045
1984361258 2046
2007245491 2047
2007578488 2048
2007578510 2049
2007604041 2050
2007604080 2051
2007604084 2052
2008239574 2053
2008255578 2054
2008579902 2055
2008592419 2056
2008619004 2057
2008622933 2058
2008627426 2059
2008631215 2060
2008631840 2061
2008632172 2062
2008632294 2063
2008632383 2064
2008920639 2065
2008926220 2066
2008972867 2067
2009235834 2068
2009235843 2069
2009235865 2070
2009235983 2071
2009236011 2072
2009236068 2073
2009240747 2074
2009240803 2075
2009240823 2076
2009240859 2077
2009270384 2078
2009274786 2079
2009274855 2080
2009309542 2081
2009309602 2082
2009576932 2083
2009602986 2084
2009607689 2085
2009611617 2086
2009611838 2087
2009611976 2088
2009612004 2089
2009654334 2090
2009654721 2091
2009655004 2092
2009930596 2093
2009943578 2094
2009953077 2095
2010000253 2096
2010246349 2097
2010246433 2098
2010288907 2099
2010328358 2100
2010582646 2101
2010587163 2102
2010595874 2103
2010669038 2104
2010928213 2105
2010928226 2106
2010928256 2107
2010936968 2108
2010937101 2109
2010992546 2110
2011023253 2111
2011023321 2112
2011023423 2113
2011023513 2114
2011023562 2115
2011264911 2116
2011269409 2117
2011338079 2118
2011359759 2119
2011364502 2120
2011364607 2121
2011364702 2122
2011692507 2123
2011701376 2124
2011701398 2125
2011705357 2126
2011705413 2127
2011705565 2128
2011705620 2129
2011705635 2130
2011705714 2131
2011705820 2132
2011990303 2133
2012046304 2134
2012046487 2135
2012370331 2136
2012387022 2137
2012698272 2138
2012710720 2139
2012715296 2140
2012723795 2141
2012728682 2142
2012987196 2143
2012987253 2144
2013021846 2145
2013022074 2146
2013052474 2147
2013328302 2148
2013328496 2149
2013328601 2150
2013332880 2151
2013333009 2152
2013350135 2153
2013362713 2154
2013363026 2155
2013366977 2156
2013367298 2157
2013371258 2158
2013371455 2159
2013388689 2160
2013674001 2161
2013678148 2162
2013686804 2163
2013691011 2164
2013695510 2165
2013708057 2166
2013712652 2167
2013716991 2168
2013721423 2169
2013734421 2170
2013734557 2171
2013751519 2172
2013751718 2173
2013751786 2174
2013751841 2175
2013751862 2176
2013751890 2177
2013751896 2178
2013751940 2179
2013755484 2180
2014014677 2181
2014023478 2182
2014036496 2183
2014053454 2184
2014057948 2185
2014057997 2186
2014071268 2187
2014084415 2188
2014360107 2189
2014360299 2190
2014368773 2191
2014377317 2192
2014382294 2193
2014390552 2194
2014394467 2195
2014394639 2196
2014394744 2197
2014394780 2198
2014398949 2199
2014421043 2200
2014696673 2201
2014718427 2202
2014718588 2203
2014722752 2204
2014739689 2205
2014749251 2206
2015090271 2207
2015396491 2208
2015400778 2209
2015404634 2210
2015404662 2211
2037948586 2212
2038280489 2213
2038617453 2214
2038617515 2215
2038622119 2216
2038638823 2217
2038638855 2218
2038980593 2219
2038980773 2220
2039273648 2221
2039317142 2222
2039317259 2223
2039317327 2224
2039321408 2225
2039321461 2226
2039623367 2227
2039662264 2228
2039662566 2229
2039662748 2230
2039662922 2231
2039666921 2232
2040008036 2233
2040266092 2234
2040270490 2235
2040270763 2236
2040301572 2237
2040344064 2238
2040348410 2239
2040348807 2240
2040348896 2241
2040602816 2242
2040603039 2243
2040603130 2244
2040655002 2245
2040659540 2246
2040677122 2247
2040681011 2248
2040681328 2249
2040685505 2250
2040689399 2251
2040689820 2252
2040939849 2253
2040939889 2254
2040944240 2255
2040944536 2256
2040987389 2257
2041022456 2258
2041026442 2259
2041035008 2260
2041035230 2261
2041281083 2262
2041285477 2263
2041359296 2264
2041363602 2265
2041367679 2266
2041621893 2267
2041700052 2268
2041708508 2269
2041962740 2270
2041963078 2271
2041967509 2272
2041971801 2273
2041993364 2274
2042027880 2275
2042057871 2276
2042058505 2277
2042373480 2278
2042390750 2279
2042395169 2280
2042399033 2281
2042399678 2282
2042399821 2283
2042403029 2284
2042644919 2285
2042701267 2286
2042731911 2287
2042740780 2288
2043029205 2289
2043042499 2290
2043059806 2291
2043081104 2292
2043081560 2293
2043339995 2294
2043418105 2295
2043422490 2296
2043422546 2297
2043698713 2298
2043724430 2299
2043741893 2300
2043762933 2301
2044026514 2302
2044026843 2303
2044026850 2304
2044026917 2305
2044030893 2306
2044056694 2307
2044061100 2308
2044082826 2309
2044104632 2310
2044363269 2311
2044371693 2312
2044375931 2313
2044406521 2314
2044423859 2315
2044432543 2316
2044441348 2317
2044445446 2318
2044445500 2319
2044445583 2320
2044445714 2321
2044445769 2322
2044445822 2323
2044699904 2324
2044704044 2325
2044704083 2326
2044704085 2327
2044704184 2328
2044704260 2329
2044738765 2330
2044769231 2331
2044786163 2332
2044786251 2333
2044786350 2334
2044786356 2335
2044786423 2336
2044786654 2337
2044786718 2338
2044786781 2339
2044786835 2340
2045071470 2341
2045127426 2342
2045399533 2343
2045412208 2344
2045412276 2345
2045412445 2346
2045416817 2347
2045421319 2348
2045433745 2349
2045438040 2350
2045459990 2351
2046090071 2352
2046128726 2353
2046439442 2354
2064165421 2355
2065197353 2356
2068966051 2357
2069320377 2358
2069644133 2359
2069647778 2360
2069648213 2361
2069648663 2362
2069652905 2363
2069989274 2364
2069993385 2365
2070014719 2366
2070351714 2367
2070351726 2368
2070351862 2369
2070356018 2370
2070658315 2371
2070666958 2372
2070688701 2373
2070688742 2374
2070692530 2375
2070693048 2376
2070701198 2377
2071029651 2378
2071030052 2379
2071033930 2380
2071034348 2381
2071305421 2382
2071388678 2383
2071677193 2384
2071694035 2385
2071711245 2386
2071715595 2387
2071720189 2388
2071974816 2389
2071974975 2390
2072070166 2391
2072397710 2392
2072398225 2393
2072402208 2394
2072407094 2395
2072410774 2396
2072411270 2397
2072657167 2398
2072661366 2399
2072712941 2400
2073049935 2401
2073067325 2402
2073071226 2403
2073075444 2404
2073075453 2405
2073075693 2406
2073075698 2407
2073343163 2408
2073386494 2409
2073386503 2410
2073386507 2411
2073386629 2412
2073390652 2413
2073390873 2414
2073408400 2415
2073408606 2416
2073416969 2417
2073425846 2418
2073429661 2419
2073430091 2420
2073434336 2421
2073693206 2422
2073723397 2423
2073723431 2424
2073723619 2425
2073753413 2426
2073762143 2427
2073766750 2428
2073775281 2429
2073775513 2430
2074016927 2431
2074033750 2432
2074068443 2433
2074098711 2434
2074098768 2435
2074103171 2436
2074107451 2437
2074107553 2438
2074112061 2439
2074116622 2440
2074413812 2441
2074418432 2442
2074435977 2443
2074440282 2444
2074453210 2445
2074707323 2446
2074715828 2447
2074720301 2448
2074724481 2449
2074785707 2450
2074789660 2451
2075065746 2452
2075074743 2453
2075130919 2454
2075131125 2455
2075134971 2456
2075139016 2457
2075139500 2458
2075139532 2459
2075398005 2460
2075398249 2461
2075402508 2462
2075415818 2463
2075424272 2464
2075471996 2465
2075475985 2466
2075479971 2467
2075480364 2468
2075752364 2469
2075782453 2470
2075812985 2471
2075817127 2472
2075821324 2473
2075825287 2474
2076080045 2475
2076088889 2476
2076106014 2477
2076110549 2478
2076110567 2479
2076145441 2480
2076158214 2481
2076158292 2482
2076162300 2483
2076166334 2484
2076425439 2485
2076451387 2486
2076451602 2487
2076464674 2488
2076494885 2489
2076792416 2490
2076814472 2491
2076814503 2492
2077133435 2493
2100010400 2494
2100666288 2495
2100670439 2496
2101015643 2497
2101041723 2498
2101339904 2499
2101348562 2500
2101352145 2501
2101387048 2502
2101390910 2503
2101391269 2504
2101685376 2505
2101706277 2506
2101715163 2507
2101718809 2508
2101719157 2509
2101723222 2510
2101723693 2511
2101728116 2512
2102034488 2513
2102051197 2514
2102055998 2515
2102056392 2516
2102056443 2517
2102060431 2518
2102060515 2519
2102065009 2520
2102068842 2521
2102069089 2522
2102077568 2523
2102366746 2524
2102392518 2525
2102400989 2526
2102401306 2527
2102405375 2528
2102405975 2529
2102410195 2530
2102418103 2531
2102720268 2532
2102751263 2533
2102751384 2534
2103048810 2535
2103052736 2536
2103053022 2537
2103079192 2538
2103100204 2539
2103104764 2540
2103104826 2541
2103389525 2542
2103411684 2543
2103423940 2544
2103428527 2545
2103441206 2546
2103445501 2547
2103445598 2548
2103446612 2549
2103687413 2550
2103691752 2551
2103705012 2552
2103765567 2553
2104097978 2554
2104128574 2555
2104425495 2556
2104429901 2557
2104452085 2558
2104469669 2559
2104723600 2560
2104788476 2561
2104806086 2562
2104810600 2563
2105068593 2564
2105086391 2565
2105120744 2566
2105151735 2567
2105448977 2568
2105448995 2569
2105449001 2570
2105449028 2571
2105453118 2572
2105453119 2573
2105453184 2574
2105453255 2575
2105457507 2576
2105457595 2577
2105470817 2578
2105483297 2579
2105488165 2580
2105488219 2581
2105492020 2582
2105492638 2583
2105781244 2584
2105785723 2585
2105789828 2586
2105789935 2587
2105790068 2588
2105794119 2589
2105794279 2590
2105798782 2591
2105798812 2592
2105815954 2593
2105824677 2594
2105833634 2595
2105833890 2596
2106126705 2597
2106135212 2598
2106135249 2599
2106161668 2600
2106166015 2601
2106170112 2602
2106170323 2603
2106174603 2604
2106174694 2605
2106445927 2606
2106458850 2607
2106467925 2608
2106472221 2609
2106497975 2610
2106502781 2611
2106507156 2612
2106514945 2613
2106515875 2614
2106778488 2615
2106787203 2616
2106795665 2617
2106817517 2618
2106821840 2619
2106822016 2620
2106826388 2621
2106843651 2622
2106847803 2623
2106847811 2624
2106852036 2625
2106856479 2626
2107140799 2627
2107162809 2628
2107163015 2629
2107167189 2630
2107175335 2631
2107176122 2632
2107176159 2633
2107184313 2634
2107184765 2635
2107188772 2636
2107188865 2637
2107188970 2638
2107193033 2639
2107193113 2640
2107193114 2641
2107197097 2642
2107197210 2643
2107197699 2644
2107197758 2645
2107482285 2646
2107490705 2647
2107499778 2648
2107507782 2649
2107507837 2650
2107507890 2651
2107508333 2652
2107508409 2653
2107521422 2654
2107525263 2655
2107529953 2656
2107823347 2657
2107857888 2658
2107866390 2659
2131372466 2660
2131372546 2661
2131372734 2662
2131372750 2663
2131377138 2664
2131696932 2665
2131705304 2666
2131709474 2667
2131713897 2668
2131740146 2669
2132037566 2670
2132051050 2671
2132054619 2672
2132375072 2673
2132400184 2674
2132421402 2675
2132724033 2676
2133060479 2677
2133077416 2678
2133095138 2679
2133099441 2680
2133103556 2681
2133103826 2682
2133406048 2683
2133422957 2684
2133435987 2685
2133712442 2686
2133781791 2687
2134122651 2688
2134122792 2689
2134122853 2690
2134122854 2691
2134122882 2692
2134123047 2693
2134126973 2694
2134126987 2695
2134127287 2696
2134127370 2697
2134130824 2698
2134131536 2699
2134459414 2700
2134463558 2701
2134472075 2702
2134472295 2703
2134472645 2704
2134476973 2705
2134480599 2706
2134743768 2707
2134744253 2708
2134748205 2709
2134791559 2710
2134800254 2711
2134817763 2712
2134821858 2713
2134822126 2714
2134822333 2715
2135128226 2716
2135132845 2717
2135145228 2718
2135150103 2719
2135163363 2720
2135408892 2721
2135482607 2722
2135499869 2723
2135499904 2724
2135758447 2725
2135767332 2726
2135840897 2727
2135845040 2728
2136090632 2729
2136121072 2730
2136146972 2731
2136151495 2732
2136164513 2733
2136185907 2734
2136186428 2735
2136440386 2736
2136474817 2737
2136492584 2738
2136518416 2739
2136522616 2740
2136522952 2741
2136526850 2742
2136527298 2743
2136527474 2744
2136798792 2745
2136863797 2746
2136863859 2747
2136868336 2748
2136868483 2749
2136872016 2750
2137161409 2751
2137161652 2752
2137165701 2753
2137165879 2754
2137165899 2755
2137170131 2756
2137188197 2757
2137192016 2758
2137200204 2759
2137200466 2760
2137200772 2761
2137204684 2762
2137204817 2763
2137209326 2764
2137209336 2765
2137476556 2766
2137506724 2767
2137507224 2768
2137511265 2769
2137541508 2770
2137541525 2771
2137541564 2772
2137545862 2773
2137550357 2774
2137813141 2775
2137839363 2776
2137839380 2777
2137856225 2778
2137856415 2779
2137861071 2780
2137869789 2781
2137873836 2782
2137878394 2783
2137886648 2784
2137886901 2785
2137886964 2786
2137891363 2787
2138189090 2788
2138197298 2789
2138197442 2790
2138197479 2791
2138219317 2792
2138219330 2793
2138219571 2794
2138223685 2795
2138227714 2796
2138232396 2797
2138232459 2798
2138232554 2799
2138538780 2800
2138547055 2801
2138547781 2802
2138552028 2803
2138560828 2804
2138564577 2805
2138564725 2806
2138569144 2807
2138569195 2808
2138888713 2809
2138892886 2810
2138896652 2811
2138897318 2812
2162402915 2813
2162739943 2814
2162765505 2815
2162774776 2816
2163102697 2817
2163111508 2818
2163426171 2819
2163753973 2820
2163758715 2821
2163763064 2822
2163763132 2823
2163793289 2824
2163793358 2825
2164130952 2826
2164134181 2827
2164143348 2828
2164151407 2829
2164475888 2830
2164479928 2831
2164743014 2832
2164816415 2833
2164820664 2834
2164829531 2835
2164829632 2836
2164833775 2837
2164833926 2838
2164834204 2839
2165153261 2840
2165157407 2841
2165157714 2842
2165157838 2843
2165161890 2844
2165161934 2845
2165161941 2846
2165161986 2847
2165166131 2848
2165170308 2849
2165170442 2850
2165170658 2851
2165170687 2852
2165170760 2853
2165175137 2854
2165416623 2855
2165420297 2856
2165480941 2857
2165498073 2858
2165502570 2859
2165502978 2860
2165506692 2861
2165511695 2862
2165796218 2863
2165805255 2864
2165830935 2865
2165835245 2866
2165843950 2867
2165844209 2868
2165852860 2869
2165857212 2870
2166098256 2871
2166133204 2872
2166167452 2873
2166167715 2874
2166197557 2875
2166197621 2876
2166197821 2877
2166198191 2878
2166487028 2879
2166530133 2880
2166534988 2881
2166539331 2882
2166854269 2883
2166871203 2884
2166871287 2885
2167479788 2886
2167514183 2887
2167536560 2888
2167553250 2889
2167561616 2890
2167562177 2891
2167872873 2892
2167885918 2893
2167885988 2894
2167894146 2895
2167894222 2896
2167898411 2897
2167898825 2898
2167898830 2899
2167903341 2900
2168235227 2901
2168239447 2902
2168239739 2903
2168524681 2904
2168533487 2905
2168571819 2906
2168571905 2907
2168572270 2908
2168576352 2909
2168576610 2910
2168580819 2911
2168580864 2912
2168584910 2913
2168588990 2914
2168869893 2915
2168908719 2916
2168913266 2917
2169198172 2918
2169219786 2919
2169224232 2920
2169228031 2921
2169228241 2922
2169254031 2923
2169267537 2924
2169569454 2925
2169569514 2926
2169573511 2927
2169573527 2928
2169573598 2929
2169578035 2930
2169586593 2931
2169591162 2932
2169595273 2933
2169599839 2934
2169918880 2935
2169936327 2936
2193119367 2937
2193451323 2938
2193460501 2939
2193460737 2940
2194120084 2941
2194124495 2942
2194137598 2943
2194474349 2944
2194478673 2945
2194478820 2946
2195519066 2947
2195846519 2948
2195846643 2949
2196114521 2950
2196183262 2951
2196191950 2952
2196192146 2953
2196205312 2954
2196209657 2955
2196209957 2956
2196209964 2957
2196210183 2958
2196533087 2959
2196541905 2960
2196546784 2961
2196551243 2962
2196874754 2963
2196883028 2964
2196883033 2965
2196883269 2966
2196883380 2967
2197158842 2968
2197158864 2969
2197163510 2970
2197180605 2971
2197215644 2972
2197224127 2973
2197224226 2974
2197228908 2975
2197500470 2976
2197561253 2977
2197876080 2978
2197884614 2979
2197910995 2980
2197914640 2981
2198164836 2982
2198243007 2983
2198246986 2984
2198247014 2985
2198247044 2986
2198247143 2987
2198247450 2988
2198247471 2989
2198532315 2990
2198579859 2991
2198584024 2992
2198584363 2993
2198592879 2994
2198885837 2995
2198886089 2996
2198903000 2997
2198925014 2998
2198928886 2999
2198929158 3000
2198938113 3001
2199218544 3002
2199244414 3003
2199248827 3004
2199257831 3005
2199261919 3006
2199278988 3007
2199279154 3008
2199559677 3009
2199593794 3010
2199611432 3011
2199615494 3012
2199615809 3013
2199620107 3014
2199939702 3015
2199961165 3016
2199961246 3017
2199961255 3018
2200228723 3019
2200228767 3020
2200228798 3021
2200288919 3022
2200301686 3023
2200569724 3024
2200608212 3025
2200626077 3026
2200958472 3027
2224140538 3028
2224144985 3029
2225176955 3030
2226178051 3031
2226199847 3032
2226200192 3033
2227205274 3034
2227223249 3035
2227227187 3036
2227227627 3037
2227231240 3038
2227231570 3039
2227235482 3040
2227244612 3041
2227577022 3042
2227577088 3043
2227581344 3044
2227585176 3045
2227585815 3046
2227896460 3047
2227913336 3048
2228242016 3049
2228250233 3050
2228250473 3051
2228250557 3052
2228259345 3053
2228262901 3054
2228263505 3055
2228268269 3056
2228268375 3057
2228569805 3058
2228569835 3059
2228573847 3060
2228574181 3061
2228578702 3062
2228587182 3063
2228600233 3064
2228609001 3065
2228609139 3066
2228906477 3067
2228906708 3068
2228906716 3069
2228910793 3070
2228910820 3071
2228910920 3072
2228910941 3073
2228914940 3074
2228915178 3075
2228915232 3076
2228915244 3077
2228915274 3078
2228936836 3079
2228937182 3080
2228950485 3081
2228950512 3082
2229281970 3083
2229282012 3084
2229282015 3085
2229286278 3086
2229286758 3087
2229291065 3088
2229579730 3089
2229623167 3090
2229627436 3091
2229631488 3092
2229632158 3093
2229929673 3094
2229934173 3095
2229947231 3096
2229968817 3097
2229973318 3098
2230301090 3099
2230305343 3100
2230313616 3101
2230642295 3102
2230646124 3103
2230646168 3104
2230650476 3105
2230926964 3106
2230931053 3107
2230931077 3108
2230931155 3109
2230952337 3110
2230983145 3111
2231284881 3112
2231289277 3113
2231289333 3114
2231289424 3115
2231289459 3116
2231289545 3117
2231289597 3118
2231293819 3119
2231293853 3120
2231298121 3121
2231298154 3122
2231298170 3123
2231302306 3124
2231656529 3125
2255171225 3126
2255516778 3127
2255870570 3128
2256198547 3129
2256202820 3130
2256509698 3131
2256553247 3132
2256863785 3133
2257221822 3134
2257575800 3135
2258615902 3136
2258620788 3137
2258930998 3138
2258931499 3139
2258936197 3140
2258961231 3141
2258961293 3142
2259276436 3143
2259281302 3144
2259293804 3145
2259298572 3146
2259298672 3147
2259608595 3148
2259608823 3149
2259613201 3150
2259618324 3151
2259621572 3152
2259622347 3153
2259630810 3154
2259639403 3155
2259639442 3156
2259643501 3157
2259941071 3158
2259945333 3159
2259962903 3160
2259967555 3161
2260299362 3162
2260309055 3163
2260623606 3164
2260641243 3165
2260982097 3166
2261344244 3167
2261637853 3168
2261668283 3169
2261685135 3170
2261965878 3171
2261970553 3172
2261987736 3173
2261992182 3174
2262004951 3175
2262324036 3176
2262324061 3177
2262328440 3178
2262328549 3179
2262332862 3180
2286534439 3181
2286542481 3182
2286555340 3183
2286560545 3184
2287246672 3185
2287570105 3186
2288230691 3187
2288947134 3188
2288960169 3189
2289223313 3190
2289288554 3191
2289314276 3192
2289646946 3193
2289647034 3194
2289651223 3195
2289655390 3196
2289974519 3197
2289996006 3198
2289996476 3199
2289996523 3200
2290294508 3201
2290303228 3202
2290307156 3203
2290320612 3204
2290652366 3205
2290653097 3206
2290661414 3207
2291002013 3208
2291002542 3209
2291321410 3210
2291352085 3211
2291999690 3212
2292327595 3213
2292672665 3214
2292698723 3215
2316567983 3216
2317569350 3217
2317586257 3218
2317590754 3219
2317905820 3220
2318281462 3221
2318600642 3222
2319960509 3223
2320301873 3224
2320642400 3225
2320651439 3226
2320655662 3227
2320983805 3228
2321001244 3229
2321333583 3230
2321337738 3231
2348621155 3232
2349648679 3233
2350667315 3234
2351008679 3235
2351332666 3236
2351341013 3237
2351694749 3238
2352018309 3239
2352018809 3240
2352022945 3241
2352363999 3242
2381365832 3243
2382379828 3244
2382725117 3245
2383731281 3246
2410686663 3247
2443763356 3248
417199910 3249
509626405 3250
542634818 3251
542652506 3252
542665377 3253
543010474 3254
544021095 3255
573333835 3256
573669915 3257
574032862 3258
574037266 3259
574037281 3260
574374051 3261
577542489 3262
5812979059 3263
5812982656 3264
5812983053 3265
5812983069 3266
5812992940 3267
5812992944 3268
5812993853 3269
5812993881 3270
5812994291 3271
5812994702 3272
5812994785 3273
5812995098 3274
5812995195 3275
5812995235 3276
5812995240 3277
5812995261 3278
5812995265 3279
5812995278 3280
5812995297 3281
5812995304 3282
5812995328 3283
5812995347 3284
5812995356 3285
5812995402 3286
5812995413 3287
5812995437 3288
5812995946 3289
5812995952 3290
5812996052 3291
5812996056 3292
5812996057 3293
5812996058 3294
5812996079 3295
5812996083 3296
5812996090 3297
5812996091 3298
5812996092 3299
5812996109 3300
5812996748 3301
5812996749 3302
5812996809 3303
5812996810 3304
5812996829 3305
5812996886 3306
5812996903 3307
5812996926 3308
5812996943 3309
5812997703 3310
5812997711 3311
5812997715 3312
5812997727 3313
5812998303 3314
5812998311 3315
5812998432 3316
5812998436 3317
5812998437 3318
5812998438 3319
5812998440 3320
5812998445 3321
5812998446 3322
5812998466 3323
5812998469 3324
5812998538 3325
5812999096 3326
5812999097 3327
5812999178 3328
5812999215 3329
5812999623 3330
5812999627 3331
5812999644 3332
5812999645 3333
5812999657 3334
5812999669 3335
5812999707 3336
5812999771 3337
5813000234 3338
5813000235 3339
5813000237 3340
5813000247 3341
5813000250 3342
5813000276 3343
5813000296 3344
5813000306 3345
5813000307 3346
5813000313 3347
5813000317 3348
5813000717 3349
5813000800 3350
5813000834 3351
5813000835 3352
5813000836 3353
5813000842 3354
5813001367 3355
5813001792 3356
5813002248 3357
5813002250 3358
5813002294 3359
5813002313 3360
5813002329 3361
5813002333 3362
5813002774 3363
5813002857 3364
5813002862 3365
5813003258 3366
5813003327 3367
5813003341 3368
5813003342 3369
5813003348 3370
5813003357 3371
5813003358 3372
5813003362 3373
5813003369 3374
5813003374 3375
5813003379 3376
5813003380 3377
5813003775 3378
5813003780 3379
5813003791 3380
5813003805 3381
5813004152 3382
5813004153 3383
5813004185 3384
5813004197 3385
5813004203 3386
5813004626 3387
5813004652 3388
5813004665 3389
5813004685 3390
5813004691 3391
5813004702 3392
5813005081 3393
5813005499 3394
5813005518 3395
5813005525 3396
5813005526 3397
5813005528 3398
5813005545 3399
5813005551 3400
5813005556 3401
5813005580 3402
5813013823 3403
5813015576 3404
5813017402 3405
5813017404 3406
5813017405 3407
5813017407 3408
5813017409 3409
5813017410 3410
5813018423 3411
5813018460 3412
5813018704 3413
5813018705 3414
5813018706 3415
5813018707 3416
5813018708 3417
5813018714 3418
5813018729 3419
5813018827 3420
5813018849 3421
5813019049 3422
5813019196 3423
5813020396 3424
5813021632 3425
5813024339 3426
5813024340 3427
5813024601 3428
5813024602 3429
5813024603 3430
5813024605 3431
5813024616 3432
5813024618 3433
5813024619 3434
5813024620 3435
5813024621 3436
5813024623 3437
5813024692 3438
5813024698 3439
5813024701 3440
5813024710 3441
5813024712 3442
5813024799 3443
5813024981 3444
5813024983 3445
5813025198 3446
5813025591 3447
5813025714 3448
5813027758 3449
5813032595 3450
5813034081 3451
5813034117 3452
5813034197 3453
5813034203 3454
5813034251 3455
5813034301 3456
5813034306 3457
5813034363 3458
5813034364 3459
5813034367 3460
5813034368 3461
5813034409 3462
5813034455 3463
5813034463 3464
5813034465 3465
5813034493 3466
5813034531 3467
5813034571 3468
5813034689 3469
5813034749 3470
5813034811 3471
5813038793 3472
5813038889 3473
5813039011 3474
5813039012 3475
5813039013 3476
5813039095 3477
5813039159 3478
5813039161 3479
5813039235 3480
5813039309 3481
5813039315 3482
5813039420 3483
5813039424 3484
5813039442 3485
5813039465 3486
5813039471 3487
5813040492 3488
5813040515 3489
5813040847 3490
5813041075 3491
5813041479 3492
5813042603 3493
5813042606 3494
5813046199 3495
5813046209 3496
5813046210 3497
5813046468 3498
5813046469 3499
5813046494 3500
5813046529 3501
5813046530 3502
5813046796 3503
5813047527 3504
5813047691 3505
5813049001 3506
5813049298 3507
5813049745 3508
5813049934 3509
5813050022 3510
5813050276 3511
5813050455 3512
5813050676 3513
5813050727 3514
5813050729 3515
5813054622 3516
5813054697 3517
5813054708 3518
5813054710 3519
5813054716 3520
5813054725 3521
5813054726 3522
5813054729 3523
5813054760 3524
5813054773 3525
5813054777 3526
5813054911 3527
5813054967 3528
5813055025 3529
5813055048 3530
5813055147 3531
5813055162 3532
5813055180 3533
5813055184 3534
5813055277 3535
5813055386 3536
5813056072 3537
5813056596 3538
5813056598 3539
5813056642 3540
5813056694 3541
5813056704 3542
5813056797 3543
5813057594 3544
5813060170 3545
5813060361 3546
5813061255 3547
5813061474 3548
5813062184 3549
5813062199 3550
5813062705 3551
5813063239 3552
5813065151 3553
5813066684 3554
5813066988 3555
5813068224 3556
5813068337 3557
5813069055 3558
5813069085 3559
5813069089 3560
5813069348 3561
5813069447 3562
5813069532 3563
5813069942 3564
5813070872 3565
5813070873 3566
5813071357 3567
5813071369 3568
5813071384 3569
5813075196 3570
5813075753 3571
5813076969 3572
5813077757 3573
5813077779 3574
5813077798 3575
5813077810 3576
5813077826 3577
5813077853 3578
5813078440 3579
5813078599 3580
5813083541 3581
5813083723 3582
5813085919 3583
5813086006 3584
5813087898 3585
5813089348 3586
5813090624 3587
5813097084 3588
5813102390 3589
5813103363 3590
5813108151 3591
5813125248 3592
5813129668 3593
5813130064 3594
5813132687 3595
5813132919 3596
5813132949 3597
5813134848 3598
5901193120 3599
5901193506 3600
5901194590 3601
5901194801 3602
5901194947 3603
5901196806 3604
5901197989 3605
5901198734 3606
5901198820 3607
5901198995 3608
5901199598 3609
5901199735 3610
5901199825 3611
5901200000 3612
5901201111 3613
5901201372 3614
5901202025 3615
5901202409 3616
5901202754 3617
5901202939 3618
5901203878 3619
5901204334 3620
5901204564 3621
5901204684 3622
5901204861 3623
5901206005 3624
5901206247 3625
5901206553 3626
5901206814 3627
5901207042 3628
5901209981 3629
5901210175 3630
5901210481 3631
5901210546 3632
5901213161 3633
5901215044 3634
5901215173 3635
5901218894 3636
5901221329 3637
5901222731 3638
5901222910 3639
603785283 3640
604726283 3641
606090268 3642
609924156 3643
610274029 3644
610274046 3645
630714299 3646
634379734 3647
634707780 3648
634759240 3649
635062078 3650
636789080 3651
637462647 3652
638481581 3653
639276164 3654
662776660 3655
663432544 3656
663787020 3657
664814903 3658
666135689 3659
666818300 3660
667823920 3661
693125078 3662
693479072 3663
693483018 3664
693927941 3665
694834412 3666
697145036 3667
698508565 3668
699031185 3669
704699661 3670
7112614585 3671
7112615078 3672
7112615467 3673
7112622079 3674
7112626201 3675
7112626202 3676
7112626205 3677
7112626217 3678
7112626654 3679
722817260 3680
724816115 3681
726207450 3682
727472481 3683
727855437 3684
730213826 3685
730252777 3686
733316908 3687
735091236 3688
754534424 3689
754538881 3690
754854077 3691
755518957 3692
757556799 3693
759810119 3694
759922408 3695
762982753 3696
788306624 3697
788306724 3698
788648194 3699
788940872 3700
788945049 3701
792023887 3702
792364888 3703
818983130 3704
819993149 3705
823037476 3706
823058829 3707
824353701 3708
850375847 3709
850703925 3710
850708902 3711
850717220 3712
851684181 3713
856071065 3714
882353566 3715
886812643 3716
887105351 3717
947513805 3718
948834414 3719
975457916 3720
976830572 3721
977866721 3722
