1003215282 1
1005952640 2
1006928515 3
1007260806 4
1008024276 5
1008085163 6
1008102479 7
1008369339 8
1008391068 9
1008693605 10
1008966615 11
1008970563 12
1009371535 13
1009578838 14
1010044978 15
1010235132 16
1010437434 17
1011378821 18
1011482740 19
1011970102 20
1013040388 21
1013066710 22
1013113953 23
1013416147 24
1013757060 25
1013779115 26
1014102651 27
1014107332 28
1014223948 29
1014457195 30
1014461486 31
1014465452 32
1014465588 33
1014465666 34
1014474192 35
1014802430 36
1014824204 37
1015143077 38
1015458774 39
1015479949 40
1017547830 41
1017880794 42
1018009357 43
1019214774 44
1019270475 45
1019270934 46
1020608033 47
1020608279 48
1020625448 49
1035393986 50
1036257907 51
1036503560 52
1036637830 53
1036646944 54
1036987921 55
1037337131 56
1037612992 57
1039063931 58
1039068185 59
1039085109 60
1039400642 61
1039426238 62
1039685005 63
1039754434 64
1041071176 65
1041075688 66
1041666949 67
1042116109 68
1042366365 69
1042724993 70
1044459902 71
1044796706 72
1044800536 73
1044805646 74
1044918145 75
1045141938 76
1045268099 77
1045452897 78
1045513736 79
1048250312 80
1048289014 81
1048609058 82
1048975307 83
1049247113 84
1049261193 85
1049571474 86
1049946735 87
1050016388 88
1050249353 89
1050581215 90
1050922195 91
1050935614 92
1050991297 93
1051980223 94
1065284812 95
1066516552 96
1068436695 97
1068777508 98
1069002537 99
1070103072 100
1070103331 101
1070141508 102
1070422316 103
1070651567 104
1071121755 105
1071183464 106
1071496918 107
1071519343 108
1071760480 109
1071769518 110
1072063538 111
1072455791 112
1072503099 113
1072507501 114
1072533980 115
1072779298 116
1072779568 117
1072874511 118
1073069488 119
1073314797 120
1075598224 121
1075611602 122
1076168044 123
1076173414 124
1076185604 125
1076198559 126
1076841388 127
1078956785 128
1081957306 129
1099043553 130
1099389583 131
1100085251 132
1100801188 133
1101142083 134
1101474458 135
1102191395 136
1102795781 137
1102804327 138
1104155212 139
1104790425 140
1106888382 141
1106944058 142
1107561814 143
1107566171 144
1107566252 145
1108222244 146
1109314712 147
1109651526 148
1111757266 149
1112024879 150
1112436285 151
1112443807 152
1113354860 153
1130783454 154
1132168616 155
1132168736 156
1132176882 157
1132406255 158
1133562752 159
1133839128 160
1134140939 161
1134849078 162
1135881013 163
1135898324 164
1135941181 165
1135941581 166
1135984965 167
1136252170 168
1136852717 169
1137590955 170
1138026774 171
1138212774 172
1138587910 173
1138627253 174
1138915459 175
1139909038 176
1140923511 177
1141713514 178
1143167974 179
1143807196 180
1144761556 181
1158402729 182
1158691908 183
1160073701 184
1161459105 185
1162534149 186
1162862710 187
1162944117 188
1163552692 189
1164503211 190
1164545788 191
1164882751 192
1165305889 193
1166674437 194
1167235473 195
1167235720 196
1168915489 197
1169954704 198
1170352367 199
1170645699 200
1172031461 201
1173029301 202
1175433492 203
1192922295 204
1193258702 205
1193599901 206
1195891557 207
1195999722 208
1199327859 209
1200014419 210
1200554295 211
1200619473 212
1201659335 213
1202677966 214
1204063702 215
1220412108 216
1220434040 217
1222187110 218
1223274640 219
1223388206 220
1223611056 221
1223848354 222
1224293669 223
1224523027 224
1224591253 225
1226206190 226
1230095228 227
1231679666 228
1232038141 229
1232041867 230
1232369902 231
1236864438 232
1237179690 233
1257629175 234
1260197431 235
1260197510 236
1260542968 237
1260883995 238
1261129711 239
1262360335 240
1263404948 241
1263646693 242
1283173461 243
1284265487 244
1284312505 245
1285343852 246
1288953551 247
1289359184 248
1291142212 249
1291374677 250
1292027772 251
1292083252 252
1294102958 253
1295855722 254
1300276335 255
1311487571 256
1313849992 257
1316245799 258
1317074822 259
1320480289 260
1323454861 261
1325133618 262
1325138101 263
1325138116 264
1325405571 265
1325479712 266
1326157533 267
1330008281 268
1331311183 269
1343891368 270
1344275238 271
1345061120 272
1345596879 273
1351065769 274
1353043462 275
1356173442 276
1357192528 277
1361668991 278
1362674294 279
1374649768 280
1378440243 281
1387527359 282
1387868622 283
1387881882 284
1388223120 285
1388227743 286
1406362611 287
1406703818 288
1407139453 289
1407398468 290
1407783264 291
1408828544 292
1410516394 293
1415829386 294
1418572258 295
1418920942 296
1418924735 297
1419909152 298
1438515327 299
1439155296 300
1439754917 301
1440462865 302
1444351896 303
1446527869 304
1448587188 305
1448591766 306
1448794542 307
1448929584 308
1448936559 309
1449606569 310
1449611593 311
1449947649 312
1450016008 313
1450634305 314
1455438367 315
1465630554 316
1470065021 317
1471497788 318
1479618250 319
1480452227 320
1480653743 321
1480982992 322
1481340761 323
1482351119 324
1485786914 325
1498379140 326
1501820626 327
1502532423 328
1502567833 329
1504207129 330
1506382974 331
1507933560 332
1510303733 333
1510648834 334
1511016097 335
1512029563 336
1512034076 337
1512707390 338
1514076455 339
1514775604 340
1533226802 341
1533239844 342
1533542078 343
1533567270 344
1534270924 345
1534721340 346
1535791554 347
1541338954 348
1543949467 349
1546155976 350
1564628545 351
1565608898 352
1566354821 353
1570111396 354
1570922129 355
1571708235 356
1597287219 357
1598011458 358
1600489166 359
1605181883 360
1605471724 361
1605842920 362
1623262447 363
1625978349 364
1628062270 365
1629383757 366
1632055020 367
1633078450 368
1637171546 369
1638561518 370
1638897627 371
1656683728 372
1657021094 373
1659753362 374
1666561406 375
1669255212 376
1671952694 377
1686717182 378
1688039474 379
1688409902 380
1692782686 381
1696897255 382
1716082078 383
1719436402 384
1719746297 385
1719764109 386
1719953914 387
1721857844 388
1722156238 389
1722164148 390
1722185618 391
1728942250 392
1733370882 393
1748071079 394
1748092323 395
1748666238 396
1750816348 397
1752888162 398
1753523046 399
1753527805 400
1753535481 401
1754213254 402
1757612027 403
1758962229 404
1784876854 405
1784891294 406
1785581836 407
1785931916 408
1786273098 409
1787636059 410
1788654858 411
1791996293 412
1811163357 413
1811163598 414
1811492235 415
1812493277 416
1812510378 417
1812515382 418
1814604278 419
1815929980 420
1815934776 421
1816611349 422
1816620233 423
1816621089 424
1817307538 425
1817712927 426
1817998046 427
1819698673 428
1820005073 429
1822686129 430
1841174731 431
1843536369 432
1844249219 433
1848000962 434
1848666581 435
1850387882 436
1874947561 437
1875284107 438
1877667406 439
1878354046 440
1878354441 441
1879018709 442
1882009576 443
1883042152 444
1905977495 445
1906663903 446
1910066090 447
1910070652 448
1910407468 449
1911438496 450
1911775733 451
1914460817 452
1916485259 453
1933892078 454
1937003721 455
1940419606 456
1942438892 457
1942452957 458
1942806972 459
1943147567 460
1967353179 461
1968721678 462
1970439129 463
1971462092 464
1974181774 465
1997377784 466
1999751538 467
2002147259 468
2002830391 469
2002837964 470
2002838841 471
2003175684 472
2003862685 473
2004198088 474
2004544173 475
2008571631 476
2033865410 477
2033872849 478
2033873422 479
2034213892 480
2034477252 481
2034550982 482
2034555457 483
2035229272 484
2035229936 485
2035238470 486
2035574498 487
2035906864 488
2036244317 489
2064225833 490
2065244716 491
2065577319 492
2066588633 493
2066605141 494
2066605922 495
2066946900 496
2066950172 497
2067265009 498
2067265677 499
2067597984 500
2067847820 501
2092873489 502
2096272398 503
2096283582 504
2096966671 505
2097303136 506
2097639393 507
2098321419 508
2098995259 509
2123541376 510
2123883176 511
2127659983 512
2127997003 513
2130038437 514
2131023294 515
2147677469 516
2157327321 517
2158682340 518
2159714246 519
2159718465 520
2186293111 521
2187325736 522
2187675035 523
2187680237 524
2187683348 525
2188356978 526
2188361816 527
2188361989 528
2190382236 529
2190745188 530
2192108884 531
2192453806 532
2216261919 533
2217669773 534
2219046255 535
2219046487 536
2221779613 537
2223144438 538
2223148195 539
2223477154 540
2249741022 541
2250418423 542
2250422894 543
2250754651 544
2251437875 545
2253833921 546
2254523290 547
2280788907 548
2282480586 549
2282485535 550
2283158828 551
2283166650 552
2283171130 553
2283504379 554
2284186501 555
2311456176 556
2312828760 557
2313528908 558
2313853267 559
2314538529 560
2315553068 561
2315898572 562
2316252268 563
2316252927 564
2343199299 565
2343523062 566
2343864445 567
2344887829 568
2345914819 569
234630133 570
2373885250 571
2409016548 572
263674097 573
266187480 574
266187559 575
267214250 576
267223104 577
267551639 578
267564140 579
267896360 580
296199021 581
296203324 582
296203325 583
296203392 584
296203434 585
296203440 586
296531366 587
296535619 588
296535655 589
296855409 590
296859399 591
296885362 592
297217528 593
297230760 594
297563139 595
297580589 596
297584869 597
297588995 598
297908595 599
297917277 600
297917363 601
297917364 602
297917459 603
297917475 604
297921608 605
297925487 606
297925526 607
297925628 608
297929807 609
297929902 610
297929935 611
297930068 612
297934349 613
297938585 614
297947227 615
298241038 616
298254474 617
298254517 618
298258354 619
298258399 620
298258513 621
298258530 622
298258611 623
298258737 624
298262357 625
298262408 626
298262442 627
298262488 628
298262498 629
298262599 630
298262663 631
298266660 632
298266783 633
298266903 634
298267069 635
298599269 636
298599271 637
298599664 638
298603633 639
298603693 640
298603730 641
298607673 642
298612190 643
298927362 644
298944444 645
298944479 646
298952944 647
298957166 648
299289811 649
299290105 650
299617529 651
324721026 652
324725187 653
325743813 654
326253554 655
326474963 656
326879917 657
326884223 658
326884331 659
326888609 660
326888627 661
326888675 662
327587644 663
327588074 664
327588446 665
327881747 666
327933008 667
327933027 668
327933061 669
327937506 670
328010530 671
328244591 672
328265389 673
328274638 674
328278449 675
328533761 676
328611654 677
328935472 678
328939480 679
328943204 680
329225149 681
329301513 682
329301762 683
329566174 684
329566197 685
329638509 686
329646990 687
329970706 688
329983926 689
329988112 690
330316013 691
330319983 692
330415332 693
330640044 694
330678844 695
331343089 696
356429209 697
356878521 698
357250238 699
357573154 700
357581846 701
357599074 702
358264919 703
358639742 704
358725902 705
358847551 706
359317340 707
359744514 708
359931311 709
360138182 710
360268385 711
360310976 712
360349882 713
360474485 714
360591860 715
360677632 716
360690414 717
360773196 718
361005850 719
361031397 720
361114148 721
361312808 722
361341837 723
361363973 724
361364000 725
361376643 726
361445621 727
361700674 728
361722354 729
361825416 730
362299997 731
362719326 732
386833850 733
386877197 734
387568523 735
387939094 736
387952104 737
388267095 738
388280249 739
388293131 740
389311717 741
389808550 742
390003153 743
390330983 744
390331214 745
390352384 746
390473497 747
390590450 748
391016873 749
391497219 750
391610069 751
391971839 752
392389970 753
392757094 754
392821837 755
393063351 756
393499533 757
393776005 758
394095053 759
416876055 760
417221397 761
417558532 762
417908800 763
418175238 764
418503161 765
418607079 766
418607328 767
418607477 768
418969956 769
418970154 770
418987009 771
419345606 772
420010739 773
420325753 774
420351087 775
420351828 776
420586101 777
420666689 778
420688062 779
420688241 780
420696828 781
420723066 782
421041565 783
421055181 784
421405157 785
421815053 786
422056477 787
422056521 788
422419397 789
422622063 790
422738252 791
422742649 792
422751191 793
423096449 794
423213589 795
423749262 796
423792217 797
424193116 798
424250610 799
424434994 800
424443911 801
424452682 802
424792976 803
424793122 804
424918786 805
425104178 806
425143700 807
425148091 808
425471220 809
447599745 810
447872055 811
448342846 812
448869118 813
449205588 814
449244969 815
449288517 816
449296930 817
449685778 818
450034902 819
451049385 820
451062462 821
451365099 822
451390676 823
451485030 824
451662040 825
451722668 826
451995306 827
451995734 828
452340995 829
452552124 830
452689494 831
452771913 832
452883920 833
453108601 834
453130054 835
453457927 836
453527730 837
453536107 838
454477603 839
454481372 840
454787848 841
454822542 842
455155337 843
455159380 844
455229034 845
455500416 846
455578166 847
456187010 848
456506289 849
456523994 850
456833888 851
456847092 852
456847100 853
457520516 854
478591447 855
479260891 856
479908320 857
480029788 858
480258208 859
480328501 860
480387478 861
480681197 862
480987689 863
481035392 864
481070027 865
481191030 866
481295335 867
481359062 868
481371769 869
481390070 870
481394217 871
481406868 872
481731074 873
481747302 874
482417237 875
482732443 876
483017681 877
483720758 878
483797945 879
484130600 880
484134987 881
484147730 882
484368420 883
484735637 884
484821546 885
484829654 886
484890037 887
484942773 888
485249150 889
485511772 890
485589846 891
485628489 892
485745069 893
485934965 894
486185442 895
486255488 896
486544396 897
486842208 898
486876782 899
487187476 900
487212916 901
487286529 902
487541595 903
487623337 904
487882168 905
487882906 906
487899426 907
487925063 908
487968933 909
488231898 910
488572496 911
488581156 912
488922181 913
508689623 914
509924185 915
509928946 916
509945954 917
510049477 918
510278853 919
510676580 920
510680365 921
511660697 922
511685969 923
511772101 924
512014262 925
512765816 926
512787296 927
513344531 928
513668146 929
514043443 930
514068564 931
514116545 932
514474716 933
514474879 934
514475106 935
514613165 936
514708179 937
514807275 938
514816333 939
514833145 940
514842241 941
514850616 942
515092013 943
515152792 944
515524209 945
515588291 946
515869245 947
515947324 948
516163285 949
516283789 950
516287961 951
516288120 952
516551382 953
516780722 954
516806504 955
516844782 956
516965856 957
517242832 958
517578770 959
517587356 960
517838657 961
517872280 962
517910959 963
517915796 964
517916020 965
518217691 966
518269350 967
518558825 968
518580489 969
518598175 970
518670779 971
518861029 972
518930199 973
519004170 974
519046655 975
519354028 976
519616809 977
519694628 978
540972196 979
541011631 980
541697718 981
542376096 982
542410481 983
542691005 984
542699260 985
543049093 986
543062097 987
543092817 988
543135607 989
543412036 990
543433461 991
543821838 992
544037996 993
544038123 994
544158940 995
544265891 996
544265926 997
544611593 998
544620289 999
544706811 1000
544948071 1001
545289059 1002
545293653 1003
545444996 1004
545501062 1005
545510060 1006
545535468 1007
545621581 1008
545625900 1009
545626238 1010
545903200 1011
545906392 1012
545962610 1013
545962750 1014
545966857 1015
545967081 1016
545971196 1017
546080131 1018
546217818 1019
546303574 1020
546303624 1021
546303917 1022
546316427 1023
546559025 1024
546641039 1025
546661879 1026
546661881 1027
547158593 1028
547227734 1029
547240545 1030
547258283 1031
547318128 1032
547331291 1033
547344214 1034
547551580 1035
547552266 1036
547565159 1037
547659321 1038
547672057 1039
547927681 1040
548049064 1041
548225503 1042
548570973 1043
548678665 1044
548708363 1045
548712377 1046
548712900 1047
548722538 1048
548937579 1049
548949855 1050
548963433 1051
548993536 1052
549161688 1053
549269622 1054
549282467 1055
549347735 1056
549364820 1057
549364902 1058
549394502 1059
549597974 1060
549722579 1061
550059489 1062
550063806 1063
550068399 1064
550081317 1065
550081666 1066
550275952 1067
550297695 1068
550301858 1069
550319575 1070
550322829 1071
550400302 1072
550422109 1073
550426732 1074
550617370 1075
550621853 1076
550638250 1077
550655668 1078
550745787 1079
550750102 1080
550962648 1081
550988122 1082
551303686 1083
551337690 1084
551751981 1085
551989415 1086
571666434 1087
573142557 1088
573289993 1089
573337611 1090
573402255 1091
574040939 1092
574511458 1093
574515806 1094
574732075 1095
574736017 1096
574965048 1097
574973454 1098
575197482 1099
575301459 1100
575323308 1101
575768294 1102
575988538 1103
576082257 1104
576324665 1105
576475847 1106
576502536 1107
576566223 1108
576566287 1109
576566621 1110
576574889 1111
576825965 1112
576898212 1113
577002771 1114
577205270 1115
577244511 1116
577330676 1117
577554935 1118
577702398 1119
577709776 1120
578008551 1121
578254032 1122
578284233 1123
578556621 1124
578621125 1125
578642656 1126
578690477 1127
578725249 1128
578919867 1129
578936675 1130
579194975 1131
579230376 1132
579234980 1133
579239039 1134
579268807 1135
579425252 1136
579536041 1137
579575594 1138
579700707 1139
579912201 1140
579946370 1141
580071186 1142
580287695 1143
580288167 1144
580300616 1145
580662960 1146
580680652 1147
580732377 1148
580736843 1149
580780309 1150
581004609 1151
581013183 1152
581064707 1153
581099105 1154
5812979948 1155
5812980103 1156
5812980109 1157
5812980142 1158
5812980467 1159
5812980470 1160
5812980473 1161
5812980494 1162
5812980520 1163
5812980529 1164
5812980658 1165
5812980666 1166
5812980710 1167
5812980743 1168
5812980884 1169
5812980916 1170
5812981016 1171
5812981228 1172
5812981237 1173
5812981381 1174
5812981506 1175
5812981517 1176
5812981791 1177
5812982052 1178
5812982122 1179
5812982295 1180
5812982324 1181
5812982711 1182
5812982885 1183
5812982936 1184
5812982959 1185
5812982984 1186
5812982994 1187
5812983110 1188
5812983128 1189
5812983240 1190
5812983825 1191
5812983831 1192
5812983878 1193
5812984012 1194
5812986121 1195
5812986798 1196
5812987034 1197
5812988363 1198
5812989861 1199
5812991473 1200
5812992091 1201
5812992893 1202
5812993667 1203
5812994710 1204
5812997961 1205
5813002671 1206
5813005012 1207
5813008934 1208
5813009358 1209
5813009578 1210
5813009620 1211
5813009766 1212
5813009946 1213
5813010212 1214
5813010265 1215
5813010266 1216
5813010279 1217
5813010748 1218
5813010828 1219
5813010843 1220
5813010938 1221
5813011074 1222
5813011125 1223
5813011133 1224
5813011165 1225
5813011166 1226
5813011298 1227
5813011320 1228
5813011407 1229
5813011443 1230
5813011483 1231
5813011486 1232
5813011512 1233
5813011660 1234
5813012136 1235
5813012193 1236
5813012231 1237
5813012619 1238
5813012786 1239
5813012995 1240
5813013194 1241
5813013202 1242
5813013342 1243
5813013630 1244
5813013636 1245
5813013653 1246
5813014032 1247
5813014242 1248
5813014258 1249
5813014391 1250
5813014693 1251
5813014777 1252
5813014793 1253
5813015068 1254
5813015124 1255
5813015327 1256
5813015408 1257
5813015448 1258
5813015594 1259
5813016625 1260
5813016900 1261
5813016958 1262
5813019560 1263
5813019908 1264
5813020388 1265
5813020674 1266
5813020676 1267
5813020696 1268
5813020751 1269
5813020785 1270
5813020800 1271
5813020803 1272
5813020817 1273
5813020840 1274
5813020855 1275
5813020857 1276
5813020996 1277
5813021005 1278
5813021046 1279
5813021122 1280
5813021192 1281
5813021223 1282
5813021225 1283
5813021235 1284
5813021238 1285
5813021247 1286
5813021498 1287
5813021564 1288
5813021566 1289
5813021602 1290
5813021899 1291
5813022026 1292
5813022160 1293
5813022182 1294
5813022192 1295
5813022257 1296
5813022339 1297
5813022343 1298
5813022375 1299
5813022404 1300
5813022424 1301
5813022429 1302
5813022459 1303
5813022538 1304
5813022759 1305
5813022814 1306
5813022915 1307
5813022923 1308
5813022976 1309
5813024852 1310
5813024933 1311
5813026589 1312
5813026656 1313
5813026661 1314
5813026705 1315
5813026785 1316
5813027592 1317
5813027737 1318
5813032485 1319
5813032709 1320
5813033379 1321
5813033443 1322
5813035328 1323
5813035418 1324
5813035694 1325
5813038579 1326
5813038604 1327
5813039906 1328
5813040000 1329
5813040037 1330
5813040190 1331
5813040712 1332
5813040766 1333
5813041161 1334
5813041169 1335
5813041177 1336
5813041237 1337
5813041304 1338
5813041525 1339
5813041610 1340
5813041684 1341
5813046185 1342
5813046658 1343
5813046745 1344
5813046951 1345
5813047739 1346
5813048229 1347
5813048745 1348
5813049378 1349
5813049481 1350
5813049907 1351
5813049946 1352
5813050455 1353
5813050772 1354
5813052205 1355
5813053669 1356
5813053712 1357
5813053860 1358
5813053923 1359
5813054079 1360
5813054659 1361
5813055298 1362
5813055535 1363
5813055749 1364
5813055768 1365
5813055769 1366
5813055800 1367
5813055817 1368
5813055949 1369
5813055999 1370
5813056041 1371
5813056054 1372
5813056057 1373
5813056062 1374
5813056071 1375
5813056101 1376
5813056168 1377
5813056257 1378
5813056791 1379
5813056881 1380
5813056917 1381
5813056944 1382
5813057162 1383
5813057245 1384
5813057461 1385
5813057464 1386
5813057481 1387
5813057861 1388
5813057864 1389
5813057933 1390
5813057973 1391
5813058050 1392
5813058222 1393
5813058258 1394
5813058272 1395
5813058319 1396
5813058320 1397
5813058350 1398
5813060068 1399
5813060701 1400
5813060768 1401
5813061024 1402
5813061112 1403
5813061114 1404
5813061260 1405
5813061642 1406
5813061901 1407
5813062686 1408
5813062838 1409
5813062858 1410
5813063093 1411
5813063137 1412
5813063524 1413
5813063587 1414
5813063829 1415
5813064332 1416
5813065004 1417
5813065365 1418
5813065519 1419
5813066377 1420
5813066983 1421
5813067732 1422
5813067963 1423
5813068484 1424
5813068575 1425
5813068603 1426
5813068748 1427
5813068769 1428
5813068773 1429
5813069512 1430
5813069630 1431
5813070569 1432
5813071068 1433
5813071078 1434
5813071257 1435
5813071348 1436
5813071370 1437
5813075619 1438
5813075692 1439
5813075875 1440
5813075932 1441
5813076043 1442
5813076392 1443
5813077469 1444
5813077569 1445
5813077929 1446
5813078263 1447
5813078571 1448
5813078641 1449
5813079192 1450
5813079417 1451
5813080768 1452
5813081474 1453
5813081849 1454
5813081864 1455
5813082239 1456
5813082394 1457
5813082780 1458
5813083779 1459
5813083780 1460
5813087620 1461
5813087891 1462
5813087953 1463
5813087991 1464
5813088525 1465
5813088784 1466
5813089157 1467
5813089869 1468
5813092990 1469
5813094560 1470
5813094598 1471
5813094811 1472
5813096198 1473
5813096913 1474
5813097020 1475
5813097634 1476
5813097926 1477
5813098223 1478
5813098975 1479
5813100373 1480
5813103626 1481
5813105726 1482
5813105778 1483
5813108129 1484
5813109198 1485
5813109327 1486
5813111272 1487
5813116551 1488
5813117385 1489
5813123585 1490
5813124162 1491
5813124939 1492
5813126031 1493
5813129271 1494
5813129453 1495
5813129481 1496
5813130366 1497
5813132515 1498
5813133463 1499
5813133917 1500
5813134082 1501
581336531 1502
581336621 1503
581358486 1504
581409749 1505
581414714 1506
581432310 1507
581436615 1508
581440626 1509
581652283 1510
581746661 1511
581754996 1512
581755530 1513
581755794 1514
581790318 1515
581962275 1516
582027783 1517
582381054 1518
582696254 1519
582700300 1520
583132200 1521
5901192948 1522
5901193720 1523
5901195945 1524
5901196319 1525
5901196628 1526
5901197274 1527
5901201909 1528
5901203310 1529
5901203505 1530
5901212906 1531
5901213440 1532
5901213624 1533
5901215966 1534
5901215971 1535
5901218930 1536
5901221890 1537
5901225755 1538
5901226036 1539
5901227238 1540
5901230025 1541
5901231318 1542
5901232053 1543
602071049 1544
603068370 1545
603167111 1546
603482385 1547
604070433 1548
604195247 1549
604289581 1550
604709727 1551
604864322 1552
604864392 1553
604976663 1554
605166418 1555
605550395 1556
605554875 1557
605654689 1558
605999323 1559
606103219 1560
606193500 1561
606340818 1562
606461310 1563
606703149 1564
607221569 1565
607251100 1566
607273128 1567
607273339 1568
607597135 1569
607700797 1570
607925257 1571
607929192 1572
607933758 1573
607938091 1574
607955261 1575
608261812 1576
608278754 1577
608283432 1578
608369629 1579
608377992 1580
608602824 1581
608926849 1582
609513630 1583
609591880 1584
609591891 1585
609591989 1586
609655670 1587
609656444 1588
609660480 1589
609893831 1590
609975449 1591
609979769 1592
609992451 1593
609993550 1594
610018976 1595
610113424 1596
610312734 1597
610321430 1598
610321522 1599
610329293 1600
610338229 1601
610342229 1602
610351307 1603
610666582 1604
610670860 1605
610722297 1606
610981555 1607
610981584 1608
611015907 1609
611016455 1610
611020135 1611
611029037 1612
611037750 1613
611089775 1614
611340150 1615
611343891 1616
611357256 1617
611361002 1618
611361058 1619
611365952 1620
611629428 1621
611693656 1622
611728142 1623
611810783 1624
612034653 1625
612307129 1626
612336669 1627
612367371 1628
612371421 1629
612712334 1630
612742137 1631
612742165 1632
612742224 1633
612742229 1634
612742298 1635
612742316 1636
612746557 1637
612746670 1638
612755343 1639
612777140 1640
613040803 1641
613044611 1642
613066879 1643
613079053 1644
613083298 1645
613083317 1646
613175370 1647
613394707 1648
613480833 1649
613744224 1650
613835914 1651
614081109 1652
614172073 1653
614175857 1654
614413183 1655
634879889 1656
635541640 1657
635674180 1658
635878327 1659
635890732 1660
635895000 1661
635908014 1662
636236092 1663
636344136 1664
636594376 1665
636667489 1666
636944318 1667
637008792 1668
637393228 1669
637475264 1670
637621553 1671
637730365 1672
638040562 1673
638152829 1674
638394209 1675
638985608 1676
639008013 1677
639063702 1678
639275368 1679
639327084 1680
639405054 1681
639650941 1682
639655157 1683
639655378 1684
639659397 1685
639995972 1686
6400000773 1687
640276971 1688
640596169 1689
640665331 1690
640691030 1691
640691209 1692
640755994 1693
640963528 1694
641373426 1695
641688553 1696
641709401 1697
641709938 1698
641714522 1699
642024743 1700
642041782 1701
642046803 1702
642387775 1703
642387793 1704
642504699 1705
642509080 1706
642651049 1707
642715563 1708
642715875 1709
642723975 1710
642724189 1711
642732835 1712
642763119 1713
643039876 1714
643052767 1715
643060819 1716
643073880 1717
643152220 1718
643156727 1719
643160749 1720
643329030 1721
643389529 1722
643393020 1723
643393688 1724
643401816 1725
643402037 1726
643475630 1727
643721915 1728
643739027 1729
643743142 1730
643773259 1731
643794320 1732
643864734 1733
644071614 1734
644079767 1735
644083764 1736
644113913 1737
644148661 1738
644153089 1739
644412509 1740
644421171 1741
644425543 1742
644433538 1743
644450565 1744
644538274 1745
644757911 1746
644761952 1747
644788121 1748
644862119 1749
645086558 1750
645111897 1751
645449236 1752
665479890 1753
666200256 1754
666575508 1755
666994301 1756
667266529 1757
667271225 1758
667413225 1759
668285416 1760
668384542 1761
668742424 1762
668967527 1763
669075559 1764
669088684 1765
669421910 1766
669433549 1767
669649730 1768
669649736 1769
669670654 1770
669965108 1771
669978138 1772
669990380 1773
670020922 1774
670089878 1775
670115770 1776
670353202 1777
670357457 1778
670362225 1779
670370149 1780
670370239 1781
670703141 1782
670785345 1783
670883838 1784
671035328 1785
671130857 1786
671234167 1787
671345931 1788
671462984 1789
671657343 1790
671660941 1791
671751354 1792
671756253 1793
671795298 1794
672041363 1795
672092798 1796
672407642 1797
672429275 1798
672490308 1799
672494647 1800
672494995 1801
672598344 1802
672697926 1803
672723441 1804
672835284 1805
673068602 1806
673085574 1807
673090000 1808
673158826 1809
673181026 1810
673189141 1811
673405506 1812
673426911 1813
673435566 1814
673509195 1815
673513680 1816
673758836 1817
673772244 1818
673772290 1819
673841414 1820
673845326 1821
674069555 1822
674096140 1823
674108632 1824
674108802 1825
674196015 1826
674423996 1827
674427795 1828
674446014 1829
674532291 1830
674541239 1831
674545602 1832
674554589 1833
674781866 1834
674882237 1835
674882302 1836
674886219 1837
674886247 1838
674886426 1839
674890909 1840
675127699 1841
675127915 1842
675144908 1843
675153151 1844
675166212 1845
675187531 1846
675245573 1847
675442851 1848
675447609 1849
675490204 1850
675528661 1851
675568335 1852
675577227 1853
675767414 1854
675800740 1855
675800901 1856
675809900 1857
675822559 1858
675822802 1859
675887521 1860
675913699 1861
676133767 1862
676138357 1863
676479156 1864
676479217 1865
676824431 1866
695500178 1867
696617609 1868
697265869 1869
697269889 1870
697316795 1871
697939194 1872
698314499 1873
698443880 1874
698742094 1875
698772143 1876
698979607 1877
698996246 1878
699178922 1879
699358695 1880
699363923 1881
699463239 1882
699687305 1883
699695617 1884
699998408 1885
700037217 1886
700335140 1887
700377995 1888
700481649 1889
700658962 1890
700683875 1891
700982749 1892
701147064 1893
701345660 1894
701371011 1895
701383309 1896
701469455 1897
701733434 1898
701742479 1899
701815778 1900
702069970 1901
702079023 1902
702079135 1903
702152113 1904
702199343 1905
702389193 1906
702493502 1907
702506641 1908
702730227 1909
702760612 1910
702760942 1911
702843399 1912
702843625 1913
702847749 1914
702847835 1915
702882168 1916
703059097 1917
703101952 1918
703179848 1919
703188128 1920
703193246 1921
703387200 1922
703438567 1923
703520780 1924
703520999 1925
703779386 1926
703857506 1927
703857634 1928
703857647 1929
703866010 1930
703866312 1931
704111734 1932
704116248 1933
704129001 1934
704453006 1935
704466265 1936
704548262 1937
704548608 1938
704552421 1939
704785058 1940
704785256 1941
704785546 1942
704816317 1943
705217250 1944
705225742 1945
705229969 1946
705230543 1947
705234668 1948
705243748 1949
705462899 1950
705463175 1951
705463539 1952
705471952 1953
705554385 1954
705575832 1955
705579678 1956
705787638 1957
705795727 1958
705816818 1959
705921032 1960
706176085 1961
706279799 1962
706283812 1963
706451920 1964
706473389 1965
706508078 1966
706520453 1967
706590422 1968
706819341 1969
706948318 1970
706952287 1971
707190771 1972
707303341 1973
707626940 1974
707627039 1975
707854620 1976
707854989 1977
707858790 1978
707863263 1979
708187441 1980
708208811 1981
708545526 1982
7112622044 1983
7112624972 1984
725701350 1985
727929407 1986
728625156 1987
728667734 1988
728974338 1989
729007988 1990
729358056 1991
729698667 1992
730001920 1993
730006122 1994
730104740 1995
730118077 1996
730147829 1997
730147972 1998
730148003 1999
730398148 2000
730398229 2001
730692294 2002
730721558 2003
730843612 2004
731062953 2005
731145160 2006
731494823 2007
731688775 2008
731689147 2009
732059827 2010
732077752 2011
732163357 2012
732431788 2013
732777416 2014
732885054 2015
733100946 2016
733182574 2017
733192083 2018
733204605 2019
733399215 2020
733458828 2021
733796382 2022
733834095 2023
733873838 2024
734132592 2025
734327429 2026
734408687 2027
734473582 2028
734491001 2029
734551239 2030
734599550 2031
734754585 2032
734814622 2033
735488299 2034
735941254 2035
736109737 2036
736140238 2037
736174181 2038
736265297 2039
736433303 2040
736502411 2041
736619385 2042
736791573 2043
736830579 2044
736860990 2045
737189212 2046
737231959 2047
737491049 2048
737491087 2049
737646604 2050
737824168 2051
737832306 2052
737892940 2053
738246510 2054
738656719 2055
739213376 2056
739256609 2057
739567785 2058
739572008 2059
757538997 2060
758674661 2061
758955666 2062
758977730 2063
758990648 2064
759667315 2065
759681018 2066
760021137 2067
760268555 2068
760323253 2069
760358472 2070
760397222 2071
760729207 2072
760821030 2073
760828908 2074
761040902 2075
761096077 2076
761182838 2077
761537199 2078
761843188 2079
762037782 2080
762058745 2081
762274975 2082
762526201 2083
762534597 2084
762745906 2085
762857726 2086
762871258 2087
763086729 2088
763116811 2089
763186493 2090
763470548 2091
763807876 2092
763889196 2093
764144161 2094
764148834 2095
764153172 2096
764222141 2097
764817903 2098
765145895 2099
765245188 2100
765271846 2101
765504308 2102
765564814 2103
765611896 2104
765823131 2105
765931172 2106
766186252 2107
766255970 2108
766385551 2109
766958676 2110
766972501 2111
767317461 2112
767455273 2113
767473384 2114
767903933 2115
767904550 2116
767995425 2117
768590452 2118
768935840 2119
769000432 2120
769000814 2121
769022355 2122
769039951 2123
769199010 2124
769263962 2125
769268002 2126
769355285 2127
769553073 2128
769670101 2129
769718055 2130
769924974 2131
769937253 2132
770249286 2133
789130596 2134
789398359 2135
790405385 2136
790417325 2137
790417660 2138
790520994 2139
790641825 2140
790741191 2141
790982851 2142
791043906 2143
791090597 2144
791427589 2145
791527493 2146
792062042 2147
792175182 2148
792450754 2149
793590678 2150
793797279 2151
793892682 2152
793905507 2153
794246765 2154
794462286 2155
794466376 2156
794920152 2157
794945765 2158
794946803 2159
794967711 2160
795187525 2161
795546494 2162
795606987 2163
795826923 2164
796193592 2165
796210710 2166
796232909 2167
796301840 2168
796393522 2169
796543393 2170
796599303 2171
796755936 2172
796889169 2173
796992363 2174
797194962 2175
797255293 2176
797277919 2177
797281464 2178
797545148 2179
797644437 2180
798322393 2181
798939240 2182
799263200 2183
799521639 2184
799578347 2185
799586652 2186
800212579 2187
800212976 2188
800233950 2189
800238269 2190
800303089 2191
800373114 2192
800588608 2193
800622401 2194
800704780 2195
800925392 2196
800937779 2197
801068349 2198
801257348 2199
801283077 2200
801671616 2201
801970070 2202
820856412 2203
821418392 2204
821686394 2205
821728921 2206
821729208 2207
821729315 2208
821729349 2209
821729374 2210
822078542 2211
822376419 2212
822380754 2213
822428009 2214
822461999 2215
822505389 2216
822562470 2217
822833681 2218
823058891 2219
823209397 2220
823852745 2221
823879266 2222
824115747 2223
824275830 2224
824349873 2225
824457714 2226
825182392 2227
825186389 2228
825278007 2229
825489724 2230
825518758 2231
825618641 2232
825821898 2233
825822254 2234
826136822 2235
826659627 2236
826844892 2237
827016935 2238
827526960 2239
827673856 2240
827889523 2241
827893839 2242
827911067 2243
828282250 2244
828316115 2245
828316308 2246
828316322 2247
828316734 2248
828627440 2249
828934059 2250
828955389 2251
829020447 2252
829024965 2253
829050526 2254
829279239 2255
829636950 2256
829693574 2257
830634936 2258
831057494 2259
831291329 2260
831295271 2261
832111288 2262
832301110 2263
832646151 2264
833043564 2265
850181951 2266
851110676 2267
851114700 2268
852422640 2269
852763122 2270
852897751 2271
853173648 2272
853437941 2273
853514696 2274
854883067 2275
854953009 2276
855147657 2277
855181776 2278
855493136 2279
855638407 2280
856670426 2281
858453703 2282
858604499 2283
858906840 2284
858907062 2285
858928511 2286
859265651 2287
859381489 2288
859665971 2289
859688555 2290
859736554 2291
860305498 2292
860395984 2293
861005020 2294
861061095 2295
861065482 2296
861251038 2297
861251942 2298
861341500 2299
861372060 2300
861583205 2301
861665641 2302
862010850 2303
862053324 2304
862278897 2305
862671913 2306
862697175 2307
862722715 2308
863059358 2309
863340110 2310
863500820 2311
863504548 2312
863698974 2313
864048288 2314
881220948 2315
882239837 2316
882922539 2317
883500704 2318
884123412 2319
884269218 2320
884273795 2321
884320493 2322
884636075 2323
885253534 2324
885257938 2325
885262090 2326
885262118 2327
886328403 2328
887015314 2329
887230673 2330
887588829 2331
887640858 2332
887921032 2333
888146447 2334
888577071 2335
888978890 2336
889863729 2337
890092483 2338
890197225 2339
890425079 2340
890619489 2341
890671753 2342
891409875 2343
891474688 2344
891663788 2345
891771553 2346
892109219 2347
892376241 2348
892376440 2349
892385258 2350
892398461 2351
892722090 2352
893338771 2353
893421054 2354
893515939 2355
893710296 2356
893741163 2357
893754136 2358
894020730 2359
894163829 2360
894362173 2361
894380152 2362
894702888 2363
894724798 2364
895091952 2365
895100374 2366
895441451 2367
895791663 2368
910451489 2369
911569552 2370
912583959 2371
913681721 2372
914298735 2373
914466864 2374
914778159 2375
914850280 2376
915188031 2377
915273417 2378
915503330 2379
915520244 2380
915605802 2381
915623395 2382
915627746 2383
915946994 2384
915951309 2385
915960293 2386
915964748 2387
915981352 2388
916456567 2389
916637896 2390
916646779 2391
917298286 2392
917643796 2393
917919724 2394
919168397 2395
920108605 2396
920652764 2397
920657321 2398
920665877 2399
920708433 2400
920869856 2401
920873167 2402
921684387 2403
922012309 2404
922073305 2405
922302296 2406
922595498 2407
922643119 2408
922992588 2409
923415956 2410
923752335 2411
923761285 2412
924049792 2413
924737391 2414
924788221 2415
925052149 2416
925077617 2417
925090871 2418
925241334 2419
925799233 2420
925811326 2421
925824977 2422
926490072 2423
926584037 2424
940791248 2425
945354221 2426
945928585 2427
946274518 2428
946300310 2429
946308462 2430
946619892 2431
947003647 2432
947573616 2433
947582284 2434
947681334 2435
947681560 2436
947681574 2437
947685653 2438
947754897 2439
947858895 2440
947862945 2441
947898091 2442
948626958 2443
948648575 2444
948851462 2445
951645198 2446
951808062 2447
952158884 2448
952166744 2449
952374245 2450
952525648 2451
952724101 2452
953013850 2453
953039761 2454
953103667 2455
953410147 2456
953414780 2457
954705691 2458
956126012 2459
956518968 2460
957485415 2461
958197533 2462
975197713 2463
976934253 2464
976964834 2465
976994022 2466
977002560 2467
977339122 2468
977339225 2469
977352235 2470
977413163 2471
977598865 2472
977697611 2473
978056035 2474
978068779 2475
978681977 2476
978686129 2477
978971398 2478
979001183 2479
979066072 2480
979368408 2481
980978890 2482
980982986 2483
981000564 2484
982070626 2485
982389963 2486
983063787 2487
983067799 2488
983093876 2489
983202377 2490
983426636 2491
983430664 2492
983522047 2493
983750516 2494
983767417 2495
983767602 2496
983771898 2497
984536209 2498
984799284 2499
984833702 2500
985510931 2501
985839488 2502
986089634 2503
986098785 2504
986974738 2505
987117151 2506
987273073 2507
987842109 2508
988567837 2509
988909130 2510
989228019 2511
